0.35 0.07
0.35 0.15
0.70 0.33
1.05 0.57
1.41 0.86
1.76 1.17
2.11 1.50
2.46 1.83
2.81 2.18
3.16 2.52
3.52 2.87
3.87 3.22
4.22 3.57
4.57 3.92
4.92 4.27
5.27 4.62
5.63 4.97
5.98 5.32
6.33 5.67
6.68 6.02
7.03 6.38
7.73 6.85
7.73 7.16
8.09 7.48
8.79 7.94
8.79 8.24
9.14 8.55
9.49 8.88
9.84 9.22
10.20 9.56
10.55 9.90
10.90 10.25
11.25 10.60
11.60 10.95
11.95 11.30
12.30 11.65
12.66 12.00
13.01 12.35
13.36 12.70
13.71 13.06
14.06 13.41
14.41 13.76
15.12 14.23
15.12 14.54
15.47 14.87
15.82 15.20
16.17 15.54
16.52 15.88
16.87 16.23
17.23 16.58
17.58 16.93
17.93 17.28
18.28 17.63
18.63 17.98
18.98 18.33
19.34 18.68
19.69 19.03
20.04 19.38
20.39 19.74
20.74 20.09
21.45 20.56
21.45 20.87
21.80 21.19
22.15 21.53
22.50 21.87
22.85 22.21
23.20 22.56
23.55 22.91
23.91 23.26
24.26 23.61
24.61 23.96
24.96 24.31
25.31 24.66
25.66 25.01
26.02 25.36
26.37 25.71
26.72 26.06
27.07 26.42
27.42 26.77
27.77 27.12
28.48 27.59
28.48 27.90
28.83 28.23
29.18 28.56
29.53 28.90
29.88 29.24
30.23 29.59
30.59 29.94
30.94 30.29
31.64 30.76
31.64 31.07
31.99 31.39
32.34 31.72
32.70 32.06
33.05 32.41
33.40 32.75
34.10 33.22
34.10 33.53
34.45 33.85
34.80 34.19
35.16 34.52
35.51 34.87
35.86 35.21
36.21 35.56
36.56 35.91
37.27 36.38
37.27 36.69
37.62 37.02
37.97 37.35
38.32 37.69
38.67 38.03
39.02 38.38
39.38 38.73
39.73 39.08
40.08 39.43
40.43 39.78
40.78 40.13
41.13 40.48
41.48 40.83
41.84 41.18
42.19 41.53
42.54 41.88
42.89 42.24
43.24 42.59
42.89 42.69
42.54 42.64
42.19 42.48
41.84 42.26
41.48 41.99
41.13 41.69
40.78 41.37
40.43 41.04
40.08 40.71
39.73 40.36
39.02 39.90
38.67 39.47
38.67 39.19
38.32 38.89
37.97 38.57
37.62 38.23
37.27 37.90
36.91 37.55
36.56 37.21
36.21 36.86
35.86 36.51
35.51 36.16
35.16 35.81
34.80 35.46
34.45 35.11
34.10 34.76
33.75 34.40
33.05 33.93
33.05 33.62
32.70 33.30
32.34 32.96
31.99 32.63
31.29 32.16
31.29 31.85
30.94 31.53
30.23 31.08
30.23 30.78
29.53 30.35
29.53 30.06
29.18 29.75
28.83 29.43
28.48 29.10
27.77 28.63
27.77 28.33
27.42 28.02
27.07 27.69
26.72 27.35
26.37 27.01
26.02 26.66
25.66 26.31
25.31 25.96
24.96 25.61
24.61 25.26
24.26 24.91
23.91 24.56
23.55 24.21
23.20 23.86
22.85 23.51
22.50 23.15
22.15 22.80
21.80 22.45
21.45 22.10
20.74 21.63
20.74 21.32
20.39 20.99
20.04 20.66
19.69 20.32
19.34 19.98
18.98 19.63
18.63 19.28
18.28 18.93
17.93 18.58
17.58 18.23
17.23 17.88
16.87 17.53
16.52 17.18
16.17 16.83
15.82 16.48
15.47 16.12
15.12 15.77
14.77 15.42
14.41 15.07
14.06 14.72
13.71 14.37
13.36 14.01
13.01 13.66
12.66 13.31
12.30 12.96
11.95 12.61
11.25 12.13
11.25 11.83
10.90 11.50
10.55 11.17
10.20 10.83
9.84 10.48
9.49 10.14
8.79 9.67
8.79 9.36
8.44 9.04
8.09 8.71
7.73 8.37
7.38 8.02
7.03 7.68
6.68 7.33
6.33 6.98
5.63 6.51
5.63 6.20
5.27 5.88
4.92 5.54
4.57 5.20
3.87 4.74
3.87 4.43
3.52 4.11
3.16 3.78
2.81 3.44
2.46 3.10
2.11 2.75
1.76 2.41
1.41 2.06
1.05 1.71
0.70 1.36
0.35 1.01
0.00 0.65
0.35 0.30
0.70 0.05
1.05 0.40
1.41 0.75
1.76 1.10
2.11 1.45
2.46 1.81
2.81 2.16
3.16 2.51
3.87 2.98
3.87 3.29
4.22 3.62
4.57 3.95
4.92 4.29
5.27 4.63
5.98 5.10
5.98 5.41
6.33 5.73
6.68 6.06
7.03 6.40
7.38 6.74
7.73 7.09
8.44 7.56
8.44 7.87
8.79 8.19
9.14 8.52
9.49 8.86
9.84 9.20
10.20 9.55
10.55 9.90
10.90 10.25
11.25 10.60
11.60 10.95
11.95 11.30
12.30 11.65
12.66 12.00
13.01 12.35
13.36 12.70
13.71 13.06
14.06 13.41
14.41 13.76
14.77 14.11
15.12 14.46
15.47 14.81
15.82 15.17
16.17 15.52
16.52 15.87
16.87 16.22
17.23 16.57
17.58 16.92
18.28 17.40
18.28 17.71
18.63 18.03
18.98 18.36
19.34 18.70
19.69 19.05
20.04 19.39
20.74 19.86
20.74 20.17
21.09 20.49
21.45 20.83
21.80 21.17
22.15 21.51
22.50 21.85
22.85 22.20
23.20 22.55
22.85 22.66
22.50 22.60
22.15 22.44
21.80 22.22
21.45 21.95
21.09 21.65
20.74 21.33
20.39 21.00
20.04 20.67
19.69 20.32
19.34 19.98
18.98 19.63
18.63 19.28
18.28 18.93
17.93 18.58
17.58 18.23
17.23 17.88
16.52 17.41
16.52 17.10
16.17 16.77
15.82 16.44
15.47 16.10
15.12 15.76
14.77 15.41
14.41 15.06
14.06 14.71
13.71 14.36
13.36 14.01
13.01 13.66
12.66 13.31
11.95 12.84
11.95 12.53
11.60 12.20
11.25 11.87
10.90 11.53
10.55 11.19
10.20 10.84
9.84 10.49
9.14 10.02
9.14 9.71
8.79 9.39
8.44 9.06
8.09 8.72
7.73 8.37
7.38 8.03
7.03 7.68
6.68 7.33
6.33 6.98
5.98 6.63
5.63 6.28
5.27 5.93
4.92 5.58
4.57 5.22
4.22 4.87
3.87 4.52
3.52 4.17
2.81 3.70
2.81 3.39
2.46 3.06
2.11 2.73
1.76 2.39
1.41 2.05
1.05 1.70
0.70 1.35
0.35 1.00
0.35 0.53
0.35 0.22
0.70 0.10
1.05 0.43
1.41 0.77
1.76 1.12
2.11 1.46
2.46 1.81
2.81 2.16
3.16 2.51
3.52 2.86
3.87 3.21
4.22 3.56
4.57 3.92
4.92 4.27
5.27 4.62
5.63 4.97
5.98 5.32
6.33 5.67
6.68 6.02
7.03 6.38
7.38 6.73
7.73 7.08
8.09 7.43
8.44 7.78
8.79 8.13
9.14 8.49
9.49 8.84
10.20 9.31
10.20 9.62
10.55 9.94
11.25 10.40
11.25 10.70
11.60 11.01
11.95 11.34
12.30 11.68
12.66 12.02
13.01 12.36
13.36 12.71
13.71 13.06
14.06 13.41
14.41 13.76
15.12 14.23
15.47 14.67
15.47 14.95
15.82 15.25
16.17 15.57
16.52 15.91
16.87 16.24
17.23 16.59
17.58 16.93
17.93 17.28
18.28 17.63
18.63 17.98
18.98 18.33
19.69 18.80
19.69 19.11
20.04 19.44
20.39 19.77
20.74 20.11
21.09 20.45
21.45 20.80
21.80 21.15
22.15 21.50
22.85 21.97
22.85 22.28
23.20 22.60
23.55 22.93
23.91 23.27
24.26 23.62
24.61 23.96
24.96 24.31
25.31 24.66
25.66 25.01
26.37 25.49
26.37 25.79
26.72 26.12
27.07 26.45
27.42 26.79
28.12 27.26
28.12 27.56
28.48 27.88
28.83 28.21
29.18 28.55
29.53 28.89
29.88 29.24
29.53 29.34
29.18 29.28
28.83 29.13
28.48 28.90
27.77 28.51
27.77 28.25
27.42 27.96
27.07 27.65
26.72 27.32
26.02 26.87
25.66 26.45
25.66 26.17
26.02 26.12
26.37 26.21
26.72 26.38
27.07 26.62
27.42 26.90
27.77 27.21
27.42 27.28
27.07 27.21
26.72 27.04
26.02 26.68
26.02 26.45
25.31 26.05
25.31 25.79
24.96 25.50
24.61 25.19
24.26 24.86
24.61 24.78
24.96 24.84
25.31 25.01
25.66 25.24
26.02 25.51
25.66 25.56
25.31 25.48
24.96 25.30
24.61 25.06
24.26 24.78
23.91 24.47
23.55 24.15
23.20 23.82
23.55 23.73
23.91 23.79
24.26 23.95
24.61 24.18
24.96 24.45
25.31 24.75
25.66 25.07
26.02 25.40
25.66 25.49
25.31 25.43
24.96 25.27
24.61 25.04
24.26 24.76
23.91 24.46
23.20 24.02
23.20 23.74
23.91 23.80
23.91 23.83
24.26 23.98
24.61 24.20
24.96 24.47
25.31 24.76
25.66 25.08
26.02 25.40
26.37 25.74
26.02 25.84
25.66 25.78
25.31 25.61
24.96 25.39
24.26 24.99
24.26 24.74
23.91 24.45
24.26 24.38
24.61 24.46
24.96 24.64
25.31 24.87
25.66 25.15
26.02 25.45
26.37 25.77
26.72 26.10
26.37 26.19
26.02 26.13
25.66 25.97
25.31 25.74
24.96 25.47
24.61 25.17
24.26 24.85
23.91 24.52
23.55 24.18
23.20 23.84
23.55 23.74
23.91 23.80
24.26 23.96
24.61 24.19
24.26 24.21
23.91 24.10
23.55 23.91
23.20 23.66
22.85 23.38
22.50 23.07
22.85 23.00
23.20 23.07
23.55 23.24
23.91 23.47
23.55 23.50
23.20 23.40
22.50 23.08
22.15 22.76
22.15 22.54
22.50 22.53
22.85 22.64
23.20 22.84
23.55 23.09
24.26 23.50
24.61 23.89
24.61 24.14
24.26 24.18
23.91 24.08
23.20 23.78
23.20 23.58
22.85 23.32
22.50 23.04
22.15 22.73
21.80 22.40
22.15 22.31
22.50 22.38
22.85 22.54
23.20 22.77
23.55 23.05
23.91 23.35
23.55 23.42
23.20 23.34
22.85 23.17
23.20 23.18
23.55 23.31
23.91 23.52
23.55 23.53
23.20 23.42
22.85 23.22
22.50 22.97
22.15 22.68
21.80 22.37
22.15 22.29
22.50 22.37
22.85 22.54
23.20 22.77
23.55 23.04
23.20 23.10
23.55 23.26
23.20 23.24
23.55 23.35
23.91 23.54
24.26 23.79
24.61 24.08
24.26 24.14
23.91 24.06
23.20 23.76
23.20 23.57
22.85 23.32
22.50 23.03
22.15 22.72
21.80 22.40
21.45 22.07
21.09 21.73
20.74 21.38
21.09 21.28
20.74 21.09
20.39 20.85
20.04 20.57
19.69 20.26
19.34 19.94
18.98 19.60
18.63 19.26
18.28 18.92
18.63 18.82
18.98 18.88
19.34 19.04
19.69 19.26
20.04 19.54
20.39 19.83
20.74 20.15
21.09 20.48
21.45 20.82
22.15 21.28
22.15 21.58
22.15 21.78
22.15 21.91
21.80 21.87
21.45 21.72
21.09 21.50
20.39 21.11
20.39 20.86
20.04 20.57
19.69 20.26
19.34 19.94
18.98 19.61
18.63 19.27
18.98 19.17
19.34 19.23
20.04 19.51
20.04 19.70
20.39 19.94
20.39 20.10
20.04 20.08
20.04 20.06
19.69 19.93
19.34 19.72
18.98 19.47
18.63 19.17
18.28 18.86
17.93 18.54
17.58 18.20
17.23 17.86
16.87 17.52
16.52 17.17
16.17 16.82
15.82 16.47
16.17 16.37
16.52 16.42
16.87 16.58
17.23 16.81
17.58 17.08
17.93 17.37
18.63 17.81
18.63 18.10
18.28 18.16
17.93 18.08
17.58 17.91
16.87 17.55
16.87 17.31
16.52 17.04
16.17 16.73
15.82 16.42
15.47 16.08
14.77 15.62
14.77 15.32
14.41 15.01
14.06 14.68
13.71 14.34
13.01 13.87
13.01 13.57
12.66 13.25
12.30 12.92
11.95 12.58
11.60 12.24
11.25 11.89
10.90 11.55
11.25 11.44
11.60 11.50
11.95 11.66
12.30 11.88
12.66 12.15
13.01 12.45
13.36 12.77
13.71 13.10
14.06 13.43
14.41 13.78
14.77 14.12
15.12 14.47
15.47 14.82
15.82 15.17
16.17 15.52
16.52 15.87
16.87 16.22
17.23 16.57
17.58 16.92
17.93 17.27
18.28 17.63
17.93 17.73
17.58 17.68
17.23 17.52
16.87 17.30
16.52 17.03
15.82 16.60
15.82 16.33
15.12 15.91
15.12 15.63
14.77 15.33
14.41 15.01
14.06 14.68
14.41 14.59
15.12 14.77
15.12 14.89
15.47 15.09
15.82 15.35
16.17 15.64
16.52 15.95
16.87 16.27
17.23 16.60
17.58 16.94
17.93 17.29
18.28 17.64
17.93 17.74
18.28 17.93
18.63 18.17
18.98 18.46
19.34 18.76
19.69 19.09
20.04 19.42
19.69 19.51
20.04 19.70
20.39 19.94
20.74 20.22
21.09 20.52
21.45 20.85
21.09 20.93
20.74 20.87
20.04 20.58
20.04 20.39
19.69 20.14
19.34 19.86
18.98 19.56
18.63 19.23
18.98 19.15
19.34 19.21
19.69 19.38
19.34 19.36
18.98 19.23
19.34 19.27
19.69 19.41
19.34 19.39
18.98 19.25
18.63 19.03
18.28 18.77
17.58 18.35
17.58 18.08
17.93 18.03
18.28 18.12
18.63 18.30
18.98 18.54
19.34 18.82
19.69 19.12
20.04 19.44
20.39 19.77
20.04 19.87
19.69 19.80
18.98 19.52
18.98 19.33
18.28 18.96
17.93 18.60
17.93 18.37
18.28 18.34
18.63 18.44
18.98 18.63
