0.00 0.00
0.35 0.03
0.70 0.09
1.41 0.23
1.41 0.35
1.76 0.51
1.41 0.62
1.76 0.75
1.41 0.83
1.05 0.86
0.70 0.84
0.35 0.78
0.00 0.68
0.70 0.51
0.70 0.35
1.05 0.17
1.41 0.03
1.76 0.25
2.11 0.48
2.46 0.74
2.81 1.00
3.16 1.28
3.52 1.56
3.87 1.86
4.57 2.20
4.57 2.51
4.92 2.82
5.27 3.13
5.63 3.45
5.98 3.77
6.33 4.10
6.68 4.43
7.03 4.76
7.38 5.10
8.09 5.48
8.09 5.81
8.44 6.15
8.79 6.49
9.14 6.83
9.49 7.17
9.84 7.51
10.20 7.85
10.90 8.24
10.90 8.58
11.25 8.92
11.60 9.27
11.95 9.61
12.30 9.95
12.66 10.30
13.01 10.65
13.36 10.99
13.71 11.34
14.06 11.69
14.41 12.04
14.77 12.39
15.12 12.74
15.47 13.08
15.82 13.43
16.17 13.78
16.52 14.13
16.87 14.49
17.23 14.84
17.58 15.19
17.93 15.54
18.28 15.89
18.63 16.24
18.98 16.59
19.34 16.94
19.69 17.29
20.04 17.64
20.39 17.99
20.74 18.35
21.09 18.70
21.45 19.05
22.15 19.45
22.15 19.79
22.50 20.14
22.85 20.48
23.20 20.83
23.55 21.18
23.91 21.53
24.26 21.88
24.61 22.23
24.96 22.58
25.31 22.93
25.66 23.28
26.37 23.67
26.37 24.02
26.72 24.36
27.07 24.71
27.42 25.06
27.77 25.40
28.12 25.75
28.48 26.10
28.83 26.45
29.18 26.80
28.83 27.06
28.48 27.24
28.12 27.35
27.77 27.41
27.42 27.41
27.07 27.36
26.72 27.28
26.37 27.17
26.02 27.02
25.66 26.85
25.31 26.65
24.96 26.43
24.61 26.20
24.26 25.95
23.91 25.69
23.55 25.42
23.20 25.13
22.85 24.84
22.15 24.50
22.15 24.20
21.80 23.89
21.45 23.58
21.09 23.26
20.74 22.94
20.39 22.61
20.04 22.28
19.69 21.95
19.34 21.62
18.98 21.28
18.63 20.94
18.28 20.60
17.93 20.26
17.58 19.92
17.23 19.57
16.87 19.23
16.52 18.88
16.17 18.54
15.82 18.19
15.47 17.84
15.12 17.49
14.77 17.14
14.41 16.79
14.06 16.45
13.71 16.10
13.36 15.75
13.01 15.40
12.66 15.05
12.30 14.69
11.95 14.34
11.60 13.99
11.25 13.64
10.90 13.29
10.55 12.94
10.20 12.59
9.84 12.24
9.49 11.89
9.14 11.54
8.79 11.18
8.44 10.83
8.09 10.48
7.73 10.13
7.38 9.78
7.03 9.43
6.33 9.03
6.33 8.69
5.63 8.29
5.63 7.95
5.27 7.61
4.92 7.27
4.57 6.92
3.87 6.53
3.87 6.19
3.52 5.85
3.16 5.51
2.46 5.12
2.46 4.78
2.11 4.44
1.76 4.09
1.05 3.70
1.05 3.37
0.70 3.03
0.35 2.68
0.35 2.30
0.35 1.96
0.70 1.62
1.05 1.27
1.41 0.93
1.76 0.59
2.11 0.24
2.46 0.10
2.81 0.45
3.16 0.80
3.52 1.14
3.87 1.49
4.22 1.84
4.57 2.19
4.92 2.54
5.63 2.93
5.63 3.28
5.98 3.62
6.33 3.97
6.68 4.32
7.03 4.66
7.38 5.01
7.73 5.36
8.09 5.71
8.44 6.06
8.79 6.41
9.14 6.76
9.49 7.11
9.84 7.46
10.20 7.81
10.55 8.16
10.90 8.51
11.25 8.86
11.60 9.21
11.95 9.56
12.30 9.91
12.66 10.26
13.01 10.61
13.36 10.96
13.71 11.32
14.06 11.67
14.77 12.06
14.77 12.41
15.12 12.75
15.47 13.10
15.82 13.45
16.17 13.80
16.52 14.15
16.87 14.50
17.23 14.84
17.58 15.19
17.93 15.54
18.63 15.94
18.63 16.28
18.98 16.63
19.34 16.97
19.69 17.32
20.04 17.67
20.39 18.02
20.74 18.37
21.09 18.71
21.45 19.06
21.80 19.41
22.15 19.76
22.50 20.11
22.85 20.46
23.20 20.81
23.55 21.16
23.91 21.51
24.26 21.87
24.61 22.22
24.96 22.57
25.31 22.92
26.02 23.31
26.02 23.66
26.37 24.01
26.72 24.35
27.42 24.75
27.42 25.09
27.77 25.43
28.12 25.78
28.48 26.12
28.83 26.47
29.18 26.81
29.53 27.16
29.88 27.51
30.23 27.86
30.59 28.21
30.94 28.56
31.29 28.91
31.64 29.26
31.99 29.61
32.34 29.96
32.70 30.31
33.05 30.66
33.40 31.01
33.75 31.36
34.10 31.71
34.45 32.06
34.80 32.41
35.16 32.76
35.51 33.11
35.16 33.37
34.80 33.56
34.45 33.67
34.10 33.73
33.75 33.73
33.40 33.69
33.05 33.61
32.70 33.49
32.34 33.34
31.99 33.17
31.64 32.97
31.29 32.76
30.94 32.53
30.59 32.28
29.88 31.97
29.88 31.70
29.53 31.43
29.18 31.14
28.83 30.84
28.48 30.54
28.12 30.23
27.77 29.92
27.42 29.60
26.72 29.23
26.72 28.91
26.37 28.58
26.02 28.26
25.66 27.92
25.31 27.59
24.96 27.25
24.61 26.92
24.26 26.58
23.91 26.23
23.55 25.89
23.20 25.55
22.50 25.16
22.50 24.82
22.15 24.48
21.80 24.13
21.45 23.79
21.09 23.45
20.74 23.10
20.04 22.71
20.04 22.37
19.69 22.02
19.34 21.68
18.98 21.34
18.63 20.99
18.28 20.64
17.93 20.30
17.58 19.95
17.23 19.60
16.87 19.25
16.52 18.90
16.17 18.55
15.82 18.20
15.47 17.85
14.77 17.46
14.77 17.12
14.41 16.77
14.06 16.42
13.71 16.08
13.36 15.73
13.01 15.38
12.66 15.03
12.30 14.68
11.95 14.33
11.60 13.99
11.25 13.64
10.90 13.29
10.55 12.94
10.20 12.58
9.84 12.23
9.49 11.88
9.14 11.53
8.79 11.18
8.44 10.83
8.09 10.48
7.73 10.13
7.38 9.78
7.03 9.43
6.68 9.08
6.33 8.72
5.98 8.37
5.63 8.02
5.27 7.67
4.92 7.32
4.57 6.97
4.22 6.62
3.87 6.26
3.16 5.87
3.16 5.52
2.81 5.18
2.46 4.83
2.11 4.48
1.76 4.13
1.41 3.78
1.05 3.43
0.70 3.09
0.35 2.74
0.00 2.39
0.35 2.04
0.70 1.69
1.05 1.34
1.41 0.98
1.76 0.63
2.11 0.28
2.81 0.11
2.81 0.46
3.16 0.80
3.52 1.15
3.87 1.50
4.22 1.85
4.57 2.19
4.92 2.54
5.27 2.89
5.63 3.24
5.98 3.59
6.68 3.99
6.68 4.33
7.03 4.68
7.38 5.02
7.73 5.37
8.09 5.72
8.44 6.06
8.79 6.41
9.14 6.76
9.49 7.11
9.84 7.46
10.20 7.81
10.55 8.16
10.90 8.51
11.25 8.86
11.60 9.21
11.95 9.56
12.30 9.91
12.66 10.26
13.01 10.61
13.71 11.01
13.71 11.36
14.06 11.70
14.41 12.05
14.77 12.40
15.12 12.74
15.47 13.09
15.82 13.44
16.17 13.79
16.52 14.14
16.87 14.49
17.23 14.84
17.58 15.19
17.93 15.54
18.28 15.89
17.93 16.15
17.58 16.33
17.23 16.45
16.52 16.46
16.17 16.42
16.17 16.39
15.82 16.32
16.17 16.30
15.47 16.19
15.47 16.10
15.12 15.97
14.77 15.82
14.06 15.59
14.06 15.40
13.71 15.18
13.36 14.95
13.01 14.70
12.66 14.44
12.30 14.17
11.95 13.88
11.60 13.59
11.25 13.29
11.25 13.03
11.25 12.80
11.60 12.65
12.30 12.61
12.30 12.57
11.95 12.49
12.30 12.47
12.66 12.49
13.01 12.56
13.01 12.61
13.01 12.66
12.66 12.66
12.30 12.62
12.66 12.62
12.66 12.63
12.66 12.63
13.01 12.68
13.36 12.77
13.71 12.89
14.06 13.04
14.41 13.21
14.06 13.32
13.71 13.37
13.36 13.37
13.01 13.32
12.66 13.24
12.30 13.12
11.95 12.97
12.30 12.88
12.66 12.86
13.01 12.88
13.01 12.89
13.01 12.91
13.71 13.01
13.71 13.10
13.36 13.13
13.01 13.12
13.36 13.15
13.71 13.22
13.71 13.28
13.71 13.34
13.36 13.34
13.71 13.39
13.36 13.38
13.01 13.34
12.66 13.25
12.30 13.13
11.95 12.98
11.95 12.85
11.95 12.73
12.30 12.68
13.01 12.72
13.01 12.76
13.71 12.88
13.71 12.99
14.06 13.12
14.41 13.29
14.77 13.48
14.06 13.55
14.06 13.62
13.71 13.63
13.36 13.59
13.01 13.52
12.66 13.41
12.30 13.27
11.60 13.05
11.60 12.87
11.25 12.66
11.60 12.53
11.95 12.45
12.30 12.43
12.66 12.46
13.01 12.53
13.36 12.64
13.71 12.78
14.06 12.94
14.41 13.13
14.77 13.34
15.12 13.57
14.77 13.72
14.41 13.81
14.06 13.84
13.71 13.82
13.36 13.76
13.01 13.67
12.66 13.54
12.30 13.38
12.66 13.29
13.01 13.25
13.36 13.27
13.01 13.23
12.66 13.16
12.30 13.05
11.95 12.91
12.30 12.83
12.66 12.81
12.30 12.75
11.95 12.64
11.60 12.51
11.95 12.44
11.60 12.33
11.25 12.19
10.90 12.03
10.55 11.84
10.20 11.63
10.55 11.49
10.90 11.41
11.25 11.39
11.60 11.42
11.95 11.49
12.30 11.59
11.60 11.59
11.60 11.59
11.25 11.55
10.90 11.47
10.55 11.35
10.90 11.29
11.25 11.29
11.60 11.33
11.95 11.41
12.30 11.52
11.95 11.58
11.60 11.58
11.25 11.54
10.90 11.46
10.90 11.38
10.90 11.32
11.25 11.31
11.60 11.35
11.25 11.34
10.90 11.28
10.55 11.19
10.20 11.06
10.20 10.95
10.20 10.85
9.84 10.72
9.84 10.61
9.84 10.51
10.20 10.47
10.55 10.48
10.20 10.45
9.84 10.37
9.49 10.26
9.84 10.20
10.20 10.20
10.55 10.25
10.90 10.33
10.55 10.36
10.20 10.34
9.84 10.27
10.20 10.26
10.55 10.30
10.90 10.38
11.25 10.49
10.90 10.54
10.55 10.54
11.25 10.63
11.25 10.71
10.90 10.74
10.55 10.71
10.20 10.65
9.84 10.54
10.20 10.50
10.55 10.50
10.90 10.55
11.25 10.64
11.60 10.77
10.90 10.78
10.90 10.80
10.55 10.77
10.20 10.69
9.84 10.58
9.49 10.44
9.84 10.37
10.55 10.39
10.55 10.41
10.90 10.47
11.25 10.57
10.90 10.61
10.55 10.61
10.20 10.55
9.84 10.46
9.49 10.34
9.14 10.19
