0.00 0.00
0.35 0.02
0.70 0.07
1.05 0.14
1.41 0.22
1.76 0.33
2.11 0.46
2.46 0.60
2.81 0.76
3.16 0.94
3.52 1.13
3.87 1.33
4.22 1.54
4.57 1.77
4.92 2.00
5.27 2.25
5.98 2.53
5.98 2.79
6.33 3.05
6.68 3.33
7.03 3.61
7.38 3.89
7.03 4.13
6.33 4.30
6.33 4.45
5.98 4.57
5.63 4.65
5.27 4.69
4.92 4.71
4.57 4.70
4.22 4.66
3.87 4.60
3.52 4.52
3.16 4.42
2.81 4.30
2.46 4.16
2.11 4.00
1.76 3.83
1.41 3.65
1.05 3.45
0.70 3.24
0.35 3.02
0.00 2.79
0.35 2.55
1.05 2.28
1.05 2.03
1.41 1.76
1.76 1.50
2.11 1.22
2.46 0.94
2.81 0.66
3.16 0.37
3.52 0.07
3.87 0.23
4.22 0.53
4.57 0.84
4.92 1.15
5.27 1.46
5.63 1.78
5.98 2.10
6.33 2.42
6.68 2.74
7.03 3.07
7.38 3.40
7.73 3.73
8.09 4.06
8.44 4.39
8.79 4.72
9.14 5.06
9.49 5.40
9.84 5.73
10.20 6.07
10.90 6.44
10.90 6.78
11.25 7.12
11.60 7.46
12.30 7.83
12.66 8.19
12.66 8.53
13.01 8.87
13.36 9.21
14.06 9.58
14.06 9.92
14.41 10.26
14.77 10.61
15.12 10.95
15.47 11.29
15.82 11.64
16.17 11.98
16.52 12.33
16.87 12.67
16.52 12.97
16.17 13.21
15.82 13.41
15.47 13.56
15.12 13.68
14.77 13.76
14.41 13.81
14.06 13.83
13.71 13.82
13.36 13.79
13.01 13.73
12.66 13.65
12.30 13.55
11.95 13.42
11.60 13.29
11.25 13.13
10.90 12.96
10.55 12.78
10.20 12.58
9.84 12.37
9.49 12.15
9.14 11.93
8.79 11.69
8.44 11.44
8.09 11.19
7.73 10.92
7.38 10.65
7.03 10.38
6.68 10.10
6.33 9.81
5.98 9.52
5.63 9.22
5.27 8.92
4.57 8.59
4.57 8.29
4.22 7.98
3.87 7.67
3.52 7.35
3.16 7.03
2.81 6.71
2.46 6.39
2.11 6.06
1.41 5.71
1.41 5.38
1.05 5.05
0.70 4.72
0.35 4.39
0.00 4.06
0.35 3.72
0.70 3.39
1.41 3.02
1.41 2.69
1.76 2.35
2.11 2.01
2.46 1.67
3.16 1.30
3.16 0.96
3.52 0.62
3.87 0.28
4.22 0.06
4.57 0.40
4.92 0.75
5.27 1.09
5.63 1.44
5.98 1.78
6.33 2.13
6.68 2.47
7.03 2.82
7.38 3.17
7.73 3.51
8.09 3.86
8.44 4.21
8.79 4.56
9.14 4.90
9.49 5.25
9.84 5.60
10.20 5.95
10.55 6.30
10.90 6.65
11.25 7.00
11.95 7.38
11.95 7.72
12.30 8.07
12.66 8.42
13.01 8.77
13.36 9.12
13.71 9.47
14.06 9.82
14.41 10.17
14.77 10.52
15.12 10.86
15.47 11.21
15.82 11.56
16.17 11.91
16.52 12.26
16.87 12.62
17.23 12.97
16.87 13.26
16.52 13.51
15.82 13.69
15.82 13.85
15.47 13.97
15.12 14.06
14.77 14.11
14.41 14.14
14.06 14.13
13.71 14.10
13.36 14.04
13.01 13.96
12.66 13.86
12.30 13.75
11.95 13.61
11.60 13.46
10.90 13.26
10.90 13.08
10.20 12.86
10.20 12.66
9.84 12.45
9.49 12.22
9.14 11.99
8.79 11.74
8.44 11.49
8.09 11.23
7.73 10.97
7.38 10.70
7.03 10.42
6.68 10.13
6.33 9.84
5.98 9.55
5.63 9.25
5.27 8.95
4.92 8.64
4.57 8.33
3.87 7.99
3.87 7.68
3.52 7.36
3.16 7.05
2.81 6.72
2.46 6.40
2.11 6.07
1.76 5.75
1.41 5.42
1.05 5.08
0.70 4.75
0.35 4.42
0.00 4.08
0.35 3.74
0.70 3.41
1.05 3.07
1.41 2.73
1.76 2.39
2.11 2.05
2.81 1.68
2.81 1.33
3.52 0.97
3.52 0.63
3.87 0.28
4.22 0.06
4.57 0.40
4.92 0.74
5.27 1.09
5.63 1.43
5.98 1.78
6.33 2.12
6.68 2.47
7.03 2.82
7.38 3.16
7.73 3.51
8.09 3.86
8.44 4.21
8.79 4.56
9.14 4.90
9.49 5.25
9.84 5.60
10.20 5.95
10.55 6.30
10.90 6.65
11.25 7.00
11.60 7.35
11.95 7.70
12.30 8.05
12.66 8.40
13.01 8.75
13.36 9.10
13.71 9.45
14.06 9.80
14.41 10.15
14.77 10.50
15.12 10.85
15.47 11.20
15.82 11.55
16.17 11.90
16.52 12.26
17.23 12.63
17.23 12.98
17.58 13.33
17.93 13.68
18.28 14.03
18.63 14.38
18.98 14.73
19.34 15.08
19.69 15.43
20.04 15.78
20.39 16.13
20.74 16.48
21.09 16.83
21.45 17.18
21.80 17.53
21.45 17.83
21.09 18.08
20.39 18.25
20.39 18.42
20.04 18.54
19.69 18.63
19.34 18.68
18.98 18.70
18.63 18.70
18.28 18.67
17.93 18.61
18.28 18.59
18.63 18.59
18.98 18.62
19.34 18.67
18.98 18.70
18.63 18.69
18.28 18.66
17.58 18.58
17.58 18.50
17.23 18.41
16.87 18.29
16.52 18.16
16.87 18.06
17.23 17.99
17.23 17.94
17.23 17.88
16.52 17.78
16.52 17.68
16.87 17.62
16.17 17.51
16.17 17.41
15.82 17.29
16.17 17.20
16.87 17.18
16.87 17.16
16.52 17.11
16.17 17.04
16.87 17.02
16.87 17.01
16.52 16.98
16.17 16.92
16.52 16.89
16.87 16.88
17.23 16.91
17.58 16.96
17.23 16.98
16.87 16.97
16.52 16.94
16.17 16.88
15.82 16.80
15.47 16.70
15.82 16.63
16.17 16.60
16.87 16.62
16.87 16.64
16.52 16.63
16.17 16.59
15.82 16.54
15.47 16.45
15.82 16.41
16.17 16.39
16.52 16.40
16.87 16.43
16.52 16.44
16.17 16.42
16.52 16.43
16.87 16.46
17.23 16.52
16.87 16.55
16.52 16.55
16.17 16.52
16.52 16.52
16.87 16.55
17.23 16.60
16.87 16.62
16.52 16.61
16.17 16.58
15.82 16.52
15.47 16.44
15.82 16.39
16.17 16.38
16.52 16.39
16.87 16.42
16.52 16.43
16.17 16.41
15.82 16.37
16.17 16.35
15.47 16.29
15.47 16.22
15.82 16.19
16.17 16.19
15.82 16.16
16.17 16.16
16.52 16.19
16.87 16.24
