0.00 0.00
0.35 0.02
0.70 0.06
1.05 0.12
1.41 0.19
1.76 0.27
2.11 0.37
2.46 0.47
2.81 0.59
3.16 0.72
3.52 0.86
3.87 1.00
4.22 1.16
4.57 1.32
4.92 1.49
5.27 1.67
5.63 1.85
5.98 2.04
6.33 2.23
6.68 2.44
7.03 2.64
7.38 2.86
7.73 3.07
8.09 3.30
8.44 3.52
8.79 3.76
9.14 3.99
9.49 4.23
9.84 4.48
10.20 4.73
10.55 4.98
10.90 5.24
11.25 5.50
11.60 5.76
11.95 6.03
12.30 6.30
13.01 6.59
13.01 6.87
13.36 7.14
13.71 7.43
14.06 7.71
14.41 8.00
14.77 8.29
15.47 8.59
15.47 8.89
15.82 9.18
16.17 9.48
16.52 9.78
17.23 10.10
17.23 10.40
17.93 10.72
17.93 11.03
18.28 11.34
18.63 11.65
18.98 11.96
19.34 12.27
19.69 12.59
20.04 12.91
20.39 13.22
20.74 13.54
21.45 13.88
21.45 14.20
21.80 14.52
22.15 14.85
22.85 15.18
22.85 15.51
23.20 15.84
23.55 16.16
24.26 16.51
24.26 16.84
24.61 17.17
24.96 17.50
24.61 17.80
24.26 18.07
23.91 18.32
23.55 18.54
23.20 18.74
22.85 18.91
22.50 19.07
22.15 19.20
21.80 19.31
21.45 19.40
21.09 19.47
20.74 19.52
20.39 19.56
19.69 19.56
19.69 19.57
19.34 19.56
18.98 19.54
18.63 19.50
18.28 19.45
17.93 19.38
17.58 19.31
17.23 19.22
16.87 19.12
16.52 19.01
16.17 18.89
15.82 18.76
15.47 18.62
15.12 18.47
14.41 18.30
14.41 18.13
14.06 17.96
13.71 17.78
13.36 17.59
13.01 17.40
12.66 17.20
12.30 16.99
11.95 16.78
11.60 16.56
11.25 16.33
10.90 16.10
10.55 15.87
10.20 15.63
9.49 15.37
9.49 15.12
9.14 14.86
8.79 14.61
8.44 14.35
8.09 14.08
7.73 13.81
7.38 13.54
6.68 13.25
6.68 12.97
6.33 12.69
5.98 12.40
5.63 12.12
5.27 11.83
4.92 11.53
4.57 11.24
4.22 10.94
3.87 10.64
3.52 10.34
3.16 10.04
2.81 9.73
2.46 9.42
2.11 9.11
1.76 8.80
1.41 8.49
1.05 8.17
0.70 7.86
0.35 7.54
0.00 7.22
0.35 6.90
0.70 6.58
1.41 6.24
1.41 5.91
1.76 5.59
2.11 5.26
2.46 4.93
2.81 4.61
3.16 4.28
3.52 3.95
3.87 3.62
4.22 3.28
4.57 2.95
4.92 2.62
5.27 2.28
5.63 1.95
5.98 1.61
6.33 1.28
6.68 0.94
7.03 0.60
7.38 0.26
7.73 0.08
8.09 0.42
8.44 0.76
8.79 1.10
9.14 1.44
9.49 1.78
9.84 2.12
10.20 2.46
10.55 2.80
10.90 3.15
11.25 3.49
11.60 3.83
11.95 4.18
12.30 4.52
12.66 4.87
13.01 5.21
13.36 5.56
13.71 5.90
14.06 6.25
14.41 6.59
14.77 6.94
15.12 7.29
15.47 7.63
15.82 7.98
16.52 8.34
16.52 8.69
16.87 9.04
17.23 9.38
17.58 9.73
17.93 10.08
18.28 10.43
18.63 10.77
18.98 11.12
19.34 11.47
19.69 11.82
20.04 12.17
20.39 12.51
20.74 12.86
21.09 13.21
21.45 13.56
21.80 13.91
22.15 14.26
22.50 14.61
22.85 14.96
23.20 15.31
23.55 15.66
23.91 16.01
24.61 16.37
24.61 16.72
25.31 17.08
25.31 17.43
25.66 17.78
26.02 18.13
26.37 18.48
27.07 18.84
27.07 19.19
27.42 19.54
27.77 19.89
28.12 20.24
28.83 20.60
28.83 20.95
29.18 21.30
29.53 21.65
29.88 22.00
30.23 22.35
30.59 22.70
30.94 23.04
31.29 23.39
31.64 23.74
31.99 24.09
32.34 24.44
32.70 24.79
33.05 25.14
33.40 25.49
33.75 25.84
34.10 26.19
34.45 26.54
35.16 26.91
35.16 27.26
35.51 27.61
36.21 27.97
36.21 28.32
36.56 28.67
36.91 29.02
37.27 29.37
37.62 29.72
37.97 30.07
38.32 30.42
38.67 30.77
39.02 31.12
39.73 31.48
39.73 31.83
40.08 32.18
40.43 32.53
40.78 32.88
41.13 33.23
41.48 33.58
41.84 33.93
42.19 34.28
42.54 34.63
42.89 34.98
43.24 35.33
43.59 35.68
43.95 36.03
44.30 36.38
43.95 36.70
43.59 36.99
43.24 37.26
42.89 37.50
42.54 37.71
42.19 37.90
41.84 38.07
41.48 38.21
41.13 38.33
40.78 38.44
40.43 38.52
40.08 38.59
39.73 38.64
39.02 38.65
39.02 38.67
38.67 38.67
38.32 38.65
37.97 38.63
37.62 38.58
37.27 38.53
36.91 38.46
36.56 38.38
36.21 38.29
35.86 38.18
35.51 38.07
35.16 37.95
34.80 37.81
34.45 37.67
34.10 37.52
33.75 37.36
33.40 37.19
33.05 37.02
32.34 36.82
32.34 36.63
31.99 36.43
31.64 36.23
31.29 36.02
30.94 35.80
30.59 35.58
30.23 35.36
29.88 35.12
29.53 34.89
29.18 34.65
28.83 34.40
28.48 34.15
27.77 33.88
27.77 33.62
27.42 33.36
27.07 33.09
26.72 32.82
26.37 32.55
26.02 32.27
25.66 31.99
25.31 31.71
24.96 31.42
24.61 31.13
24.26 30.84
23.91 30.55
23.55 30.25
23.20 29.95
22.85 29.65
22.50 29.35
22.15 29.04
21.80 28.74
21.45 28.43
21.09 28.12
20.74 27.80
20.04 27.48
20.04 27.16
19.69 26.84
19.34 26.53
18.98 26.21
18.63 25.89
18.28 25.56
17.93 25.24
17.58 24.91
17.23 24.59
16.87 24.26
16.17 23.92
16.17 23.59
15.82 23.26
15.47 22.93
15.12 22.60
14.77 22.27
14.41 21.94
14.06 21.60
13.71 21.27
13.36 20.93
13.01 20.60
12.66 20.26
12.30 19.92
11.60 19.57
11.60 19.23
11.25 18.89
10.90 18.56
10.55 18.22
10.20 17.88
9.49 17.52
9.49 17.18
9.14 16.84
8.79 16.50
8.44 16.16
8.09 15.82
7.73 15.47
7.38 15.13
7.03 14.79
6.68 14.44
6.33 14.10
5.98 13.76
5.63 13.41
5.27 13.07
4.92 12.72
4.57 12.38
4.22 12.03
3.52 11.67
3.52 11.32
3.16 10.98
2.81 10.63
2.46 10.29
2.11 9.94
1.76 9.59
1.41 9.25
1.05 8.90
0.70 8.55
0.35 8.20
0.35 7.84
0.35 7.49
0.70 7.15
1.05 6.80
1.41 6.45
1.76 6.10
2.11 5.76
2.46 5.41
2.81 5.06
3.16 4.71
3.52 4.36
3.87 4.01
4.22 3.66
4.57 3.32
4.92 2.97
5.27 2.62
5.63 2.27
5.98 1.92
6.68 1.55
6.68 1.21
7.03 0.86
7.38 0.51
7.73 0.16
8.09 0.19
8.44 0.54
8.79 0.89
9.14 1.24
9.49 1.59
9.84 1.94
10.20 2.29
10.55 2.64
10.90 2.99
11.25 3.34
11.60 3.69
11.95 4.04
12.30 4.39
12.66 4.74
13.01 5.09
13.36 5.44
13.71 5.79
14.06 6.14
14.41 6.49
14.77 6.84
15.12 7.19
15.47 7.54
15.82 7.89
16.17 8.25
16.52 8.60
16.87 8.95
17.23 9.30
16.87 9.62
16.52 9.91
16.17 10.18
15.82 10.42
15.47 10.63
15.12 10.82
14.77 10.99
14.41 11.13
14.06 11.26
13.71 11.36
13.36 11.45
13.71 11.54
14.06 11.65
14.41 11.77
14.06 11.86
14.06 11.96
14.06 12.05
14.41 12.15
14.77 12.26
15.12 12.38
14.77 12.48
14.41 12.56
14.06 12.62
14.41 12.70
14.77 12.79
15.12 12.89
14.77 12.97
14.41 13.03
14.06 13.07
14.06 13.11
14.06 13.15
14.41 13.21
14.77 13.27
14.41 13.32
14.06 13.35
13.71 13.37
14.06 13.40
14.41 13.44
14.77 13.50
15.12 13.57
14.77 13.62
14.41 13.65
14.06 13.67
14.41 13.70
14.06 13.71
13.71 13.71
14.06 13.73
14.41 13.76
14.77 13.80
15.12 13.86
14.77 13.90
15.12 13.95
14.77 13.98
14.41 14.00
14.06 14.00
14.77 14.03
14.77 14.07
14.41 14.08
14.06 14.08
14.41 14.09
14.77 14.12
14.41 14.13
14.06 14.13
13.71 14.11
13.36 14.08
13.71 14.07
14.06 14.07
14.41 14.08
13.71 14.07
13.71 14.05
14.06 14.05
14.77 14.08
14.77 14.11
14.41 14.12
14.06 14.12
13.71 14.10
14.06 14.10
14.41 14.11
14.77 14.14
15.12 14.18
14.77 14.21
14.77 14.23
14.77 14.25
14.41 14.26
14.06 14.25
13.71 14.23
13.36 14.19
13.01 14.14
13.36 14.11
13.71 14.09
13.36 14.06
13.01 14.02
13.36 13.99
14.06 13.99
14.06 14.00
14.41 14.01
14.06 14.01
13.71 14.00
14.06 14.00
13.71 13.99
13.01 13.95
13.01 13.91
12.66 13.86
13.01 13.82
13.36 13.80
13.71 13.80
13.36 13.78
