0.00 0.00
0.35 0.18
1.05 0.64
1.05 0.86
1.41 1.16
1.76 1.48
2.11 1.82
2.46 2.16
2.81 2.51
3.16 2.86
3.87 3.40
4.22 3.84
4.57 4.23
4.92 4.60
5.27 4.96
5.63 5.32
5.63 5.48
6.33 5.94
6.33 6.15
6.68 6.43
7.03 6.75
7.38 7.09
7.73 7.44
8.09 7.79
8.44 8.14
8.79 8.49
9.14 8.84
9.49 9.19
9.84 9.54
10.20 9.89
10.90 10.43
10.90 10.68
11.25 10.99
11.60 11.32
11.95 11.66
12.30 12.01
12.66 12.36
13.01 12.71
13.36 13.06
13.71 13.41
14.06 13.76
14.41 14.11
14.77 14.46
15.12 14.81
15.47 15.17
15.82 15.52
16.17 15.87
16.52 16.22
16.87 16.57
17.23 16.92
17.58 17.28
17.93 17.63
18.28 17.98
18.63 18.33
18.98 18.68
19.34 19.03
20.04 19.57
20.04 19.82
20.74 20.32
20.74 20.55
21.09 20.84
21.45 21.17
22.15 21.69
22.15 21.94
22.50 22.24
22.85 22.57
23.20 22.91
23.55 23.26
23.91 23.61
24.26 23.96
24.61 24.31
24.96 24.66
25.31 25.01
25.66 25.36
26.02 25.71
26.72 26.25
26.72 26.50
27.07 26.81
27.42 27.14
27.07 27.10
26.72 26.90
26.37 26.61
26.02 26.29
25.31 25.77
25.31 25.52
24.96 25.22
24.61 24.89
24.26 24.55
23.55 24.02
23.55 23.77
23.20 23.46
22.85 23.13
22.50 22.79
22.15 22.45
21.80 22.10
21.45 21.75
21.09 21.40
20.74 21.04
20.39 20.69
20.04 20.34
19.34 19.80
19.34 19.55
18.98 19.25
18.63 18.92
18.28 18.58
17.93 18.23
17.23 17.69
17.23 17.44
16.87 17.14
16.52 16.81
16.17 16.47
15.82 16.12
15.47 15.77
15.12 15.42
14.77 15.07
14.41 14.72
14.06 14.36
13.71 14.01
13.36 13.66
13.01 13.31
12.66 12.96
12.30 12.61
11.95 12.26
11.60 11.90
11.25 11.55
10.90 11.20
10.55 10.85
10.20 10.50
9.84 10.15
9.49 9.79
9.14 9.44
8.79 9.09
8.44 8.74
8.09 8.39
7.73 8.04
7.38 7.69
7.03 7.33
6.68 6.98
6.33 6.63
5.98 6.28
5.63 5.93
5.27 5.58
4.92 5.22
4.57 4.87
4.22 4.52
3.87 4.17
3.16 3.63
3.16 3.38
2.81 3.07
2.11 2.56
2.11 2.32
1.76 2.02
1.41 1.69
1.05 1.35
0.70 1.00
0.35 0.65
0.00 0.30
0.35 0.05
1.05 0.59
1.05 0.84
1.41 1.14
1.76 1.47
2.11 1.82
2.46 2.16
2.81 2.51
3.16 2.86
3.52 3.21
3.87 3.56
4.57 4.11
4.57 4.36
5.27 4.85
5.27 5.08
5.63 5.37
5.98 5.70
6.33 6.04
7.03 6.57
7.38 7.01
7.38 7.21
7.73 7.49
8.09 7.81
8.44 8.15
8.79 8.49
9.14 8.84
9.49 9.19
9.84 9.54
10.20 9.89
10.55 10.24
10.90 10.60
11.25 10.95
11.60 11.30
11.95 11.65
12.30 12.00
12.66 12.35
13.01 12.71
13.36 13.06
13.71 13.41
14.06 13.76
14.41 14.11
14.77 14.46
15.12 14.81
15.47 15.17
16.17 15.71
16.17 15.96
16.52 16.26
16.87 16.59
17.23 16.93
17.58 17.28
17.93 17.63
18.28 17.98
18.63 18.33
18.98 18.68
19.34 19.03
18.98 19.01
18.63 18.81
18.28 18.52
17.93 18.20
17.58 17.87
17.23 17.52
16.87 17.17
16.52 16.82
16.17 16.47
15.82 16.12
15.47 15.77
15.12 15.42
14.77 15.07
14.06 14.53
14.06 14.28
13.71 13.97
13.36 13.64
13.01 13.30
12.66 12.95
12.30 12.61
11.95 12.25
11.60 11.90
11.25 11.55
10.55 11.01
10.55 10.76
10.20 10.46
9.84 10.13
9.49 9.79
9.14 9.44
8.79 9.09
8.44 8.74
8.09 8.39
7.73 8.04
7.38 7.69
7.03 7.33
6.68 6.98
6.33 6.63
5.98 6.28
5.63 5.93
5.27 5.58
4.92 5.22
4.22 4.68
3.87 4.24
3.87 4.04
3.52 3.76
3.16 3.44
2.81 3.10
2.46 2.76
2.11 2.41
1.76 2.06
1.41 1.71
1.05 1.36
0.70 1.01
0.35 0.65
0.00 0.30
0.35 0.05
0.70 0.40
1.05 0.75
1.76 1.29
1.76 1.54
2.11 1.85
2.46 2.18
2.81 2.52
3.16 2.87
3.52 3.22
3.87 3.57
4.22 3.92
4.57 4.27
4.92 4.62
5.27 4.97
5.63 5.32
5.98 5.67
6.33 6.03
6.68 6.38
7.03 6.73
7.38 7.08
8.09 7.62
8.09 7.87
8.44 8.18
8.79 8.51
9.14 8.85
9.49 9.19
9.84 9.54
10.20 9.89
10.55 10.24
11.25 10.79
11.25 11.04
11.60 11.34
11.95 11.67
12.30 12.01
12.66 12.36
13.01 12.71
13.36 13.06
14.06 13.60
14.06 13.85
14.41 14.15
14.77 14.48
15.12 14.82
15.47 15.17
15.82 15.52
16.17 15.87
16.52 16.22
16.87 16.57
17.23 16.92
17.58 17.28
18.28 17.82
18.28 18.07
18.63 18.37
18.98 18.70
18.63 18.66
18.28 18.46
17.93 18.17
17.58 17.85
17.23 17.52
16.87 17.17
16.52 16.82
16.17 16.47
15.82 16.12
15.47 15.77
15.12 15.42
14.77 15.07
14.41 14.72
14.06 14.36
14.06 14.20
14.06 14.13
14.41 14.28
14.77 14.54
15.12 14.85
15.47 15.18
15.82 15.53
16.17 15.87
16.52 16.22
16.17 16.20
15.82 15.99
15.47 15.71
14.77 15.20
14.77 14.97
14.41 14.67
14.06 14.34
13.71 14.00
13.36 13.66
13.71 13.69
14.06 13.89
13.71 13.79
13.36 13.56
13.71 13.64
13.36 13.49
13.71 13.61
14.06 13.85
13.71 13.78
13.36 13.55
13.01 13.26
12.66 12.94
13.01 12.97
13.36 13.18
13.71 13.47
14.06 13.79
14.41 14.12
14.06 14.09
13.71 13.89
13.01 13.41
13.01 13.20
13.36 13.28
13.71 13.51
14.06 13.81
14.06 13.95
14.06 14.01
13.71 13.85
13.36 13.59
13.01 13.27
13.36 13.32
13.71 13.53
14.06 13.82
14.41 14.14
14.77 14.48
15.12 14.82
15.47 15.17
15.12 15.14
14.77 14.94
14.41 14.66
13.71 14.15
13.71 13.91
14.06 13.99
14.06 14.03
14.06 14.05
13.71 13.87
13.01 13.40
13.01 13.19
13.71 13.47
13.71 13.60
14.06 13.85
13.71 13.77
13.36 13.55
13.01 13.26
12.66 12.94
12.30 12.60
11.95 12.25
11.95 12.09
11.95 12.02
12.30 12.17
12.66 12.43
13.01 12.74
13.36 13.07
13.71 13.42
13.36 13.39
12.66 12.99
12.66 12.81
13.01 12.92
