225.87 0.00 0.03 0.90 0.51
225.69 0.00 0.03 1.14 0.53
225.54 0.00 0.03 1.14 0.53
225.33 0.00 0.03 1.40 0.60
225.13 0.00 0.08 1.67 0.60
224.87 0.00 0.08 2.00 0.61
224.68 0.00 0.08 2.00 0.58
224.43 0.00 0.08 2.37 0.58
224.25 0.00 0.08 2.74 0.59
224.05 0.00 0.08 2.74 0.65
223.92 0.00 0.08 3.02 0.75
223.79 0.00 0.08 3.02 0.88
223.70 0.00 0.08 3.02 1.04
223.54 0.00 0.08 3.22 1.04
223.42 0.00 0.08 3.35 1.04
223.33 0.00 0.08 3.41 1.13
223.19 0.00 0.08 3.43 1.16
223.05 0.00 0.08 3.35 1.16
222.96 0.00 0.08 3.23 1.15
222.87 0.00 0.08 3.09 1.15
222.77 0.00 0.08 2.92 1.15
222.70 0.00 0.08 2.73 1.15
222.58 0.00 0.08 2.51 1.09
222.40 0.00 0.18 2.51 0.95
222.17 0.00 0.18 2.28 0.79
221.92 0.00 0.18 2.28 0.60
221.59 0.00 0.18 2.28 0.38
221.19 0.00 0.18 2.28 0.16
220.82 0.00 0.18 2.12 0.09
220.49 0.00 0.18 2.03 0.35
220.12 0.00 0.18 2.03 0.35
219.89 0.00 0.18 1.91 0.35
219.68 0.00 0.18 1.91 0.53
219.53 0.00 0.18 1.91 0.64
219.41 0.00 0.18 1.84 0.69
219.28 0.00 0.18 1.88 0.69
219.16 0.00 0.18 2.04 0.65
219.07 0.00 0.18 2.28 0.65
218.99 0.00 0.18 2.52 0.65
218.88 0.00 0.18 2.52 0.70
218.81 0.00 0.18 2.70 0.88
218.70 0.00 0.18 2.70 1.13
218.64 0.00 0.18 2.70 1.43
218.56 0.00 0.18 2.89 1.75
218.49 0.00 0.18 3.11 1.75
218.42 0.00 0.18 3.11 1.97
218.33 0.00 0.18 3.11 1.97
218.32 0.00 0.18 3.25 2.12
218.26 0.00 0.18 3.25 2.21
218.21 0.00 0.18 3.42 2.24
218.19 0.00 0.18 3.70 2.18
218.14 0.00 0.18 4.17 2.08
218.07 0.00 0.18 4.90 1.82
218.00 0.00 0.18 5.84 1.40
217.99 0.00 0.18 6.94 0.82
217.96 0.00 0.18 8.21 0.13
218.05 0.00 0.18 9.63 0.65
218.25 0.00 0.18 11.10 1.47
218.51 0.00 0.18 12.69 1.47
218.66 0.00 0.18 14.53 2.22
218.75 0.00 0.18 16.67 2.22
218.76 0.00 0.18 19.08 2.84
218.74 0.00 0.18 21.72 2.84
218.71 0.00 0.18 24.56 2.84
218.70 0.00 0.23 27.45 3.33
218.78 0.00 0.23 30.32 3.71
218.86 0.00 0.24 33.19 3.96
218.86 0.00 0.24 36.00 4.08
218.92 0.00 0.24 38.77 4.10
218.89 0.00 0.24 41.37 4.02
218.91 0.00 0.22 43.72 3.87
218.94 0.00 0.22 45.86 3.64
218.96 0.00 0.22 47.77 3.36
218.98 0.00 0.22 49.40 3.02
219.02 0.00 0.22 50.63 2.68
219.01 0.00 0.22 51.49 2.29
219.01 0.00 0.22 51.96 1.86
218.90 0.00 0.22 52.06 1.31
218.66 0.00 0.22 51.70 0.74
218.39 0.00 0.23 50.84 0.10
217.99 0.00 0.23 49.51 0.58
217.54 0.00 0.23 47.63 1.23
217.18 0.00 0.23 45.18 1.84
216.86 0.00 0.23 42.23 1.84
216.52 0.00 0.29 38.86 2.32
216.22 0.00 0.29 35.10 2.70
215.92 0.00 0.29 31.20 2.98
215.67 0.00 0.29 27.39 3.19
215.43 0.00 0.29 23.80 3.19
215.16 0.00 0.29 20.53 3.19
214.83 0.00 0.29 20.53 3.41
214.51 0.00 0.29 17.77 3.41
214.20 0.00 0.29 15.45 3.56
213.92 0.00 0.29 13.57 3.56
213.63 0.00 0.29 12.15 3.64
213.39 0.00 0.29 11.18 3.67
213.16 0.00 0.29 10.60 3.65
213.00 0.00 0.29 10.46 3.54
212.85 0.00 0.29 10.74 3.36
212.68 0.00 0.29 11.44 3.15
212.60 0.00 0.29 12.58 2.89
212.52 0.00 0.29 14.21 2.56
212.38 0.00 0.29 16.26 2.19
212.24 0.00 0.29 18.76 1.77
212.12 0.00 0.29 21.62 1.37
212.00 0.00 0.29 24.79 1.37
211.94 0.00 0.29 28.14 0.97
211.93 0.00 0.29 31.51 0.97
211.88 0.00 0.29 34.76 0.97
211.95 0.00 0.30 37.96 0.57
212.11 0.00 0.30 40.97 0.57
212.45 0.00 0.30 40.97 0.19
212.89 0.00 0.30 43.56 0.19
213.35 0.00 0.30 45.68 0.11
213.85 0.00 0.30 47.39 0.27
214.27 0.00 0.35 48.70 0.28
214.63 0.00 0.35 49.62 0.16
214.90 0.00 0.35 50.06 0.09
215.10 0.00 0.35 49.96 0.48
215.26 0.00 0.35 49.19 0.91
215.37 0.00 0.35 47.80 1.38
215.49 0.00 0.35 45.73 1.88
215.60 0.00 0.35 43.03 2.36
215.68 0.00 0.35 39.73 2.36
215.51 0.00 0.43 36.00 2.73
215.21 0.00 0.55 32.07 2.88
215.01 0.00 0.55 28.19 2.91
214.79 0.00 0.71 24.59 2.90
214.59 0.00 0.88 21.31 2.84
214.40 0.00 0.88 18.40 2.84
214.22 0.00 0.88 15.96 2.88
214.03 0.00 0.88 14.01 3.01
213.91 0.00 0.88 12.49 3.16
213.74 0.00 0.88 11.34 3.34
213.61 0.00 0.88 10.56 3.54
213.59 0.00 0.88 10.16 3.68
213.49 0.00 0.88 10.16 3.70
213.45 0.00 0.88 10.53 3.45
213.36 0.00 0.88 11.20 2.79
213.31 0.00 0.88 12.15 1.44
213.23 0.00 0.88 13.30 0.68
213.16 0.00 0.88 14.61 3.47
213.09 0.00 0.88 16.02 6.80
213.00 0.00 0.88 17.48 10.47
212.97 0.00 0.99 18.93 14.26
212.94 0.00 0.99 20.33 18.05
212.89 0.00 0.99 21.82 21.59
212.82 0.00 0.99 23.30 24.76
212.77 0.00 0.99 24.64 27.49
212.76 0.00 0.99 24.64 29.77
212.77 0.00 0.99 25.85 31.67
212.73 0.00 0.99 25.85 33.20
212.74 0.00 0.99 25.85 34.30
212.77 0.00 0.99 26.99 34.91
212.83 0.00 0.99 28.13 34.94
212.88 0.00 0.99 29.16 34.20
212.91 0.00 0.99 30.20 32.80
212.93 0.00 1.13 31.28 30.89
213.00 0.00 1.13 32.32 28.34
213.04 0.00 1.13 33.35 25.07
213.08 0.00 1.13 34.48 21.10
213.09 0.00 1.13 35.69 16.56
213.05 0.00 1.13 36.97 11.79
213.06 0.00 1.13 38.27 7.05
213.22 0.00 1.13 39.58 2.37
213.29 0.00 1.13 40.95 2.16
213.39 0.00 1.13 42.27 6.42
213.50 0.00 1.13 43.52 10.37
213.65 0.00 1.13 44.66 13.90
213.79 0.00 1.13 45.60 17.02
213.87 0.00 1.13 46.38 19.56
213.93 0.00 1.13 46.96 21.42
213.81 0.00 1.13 47.30 22.51
213.43 0.00 1.13 47.36 22.59
213.03 0.00 1.13 47.20 21.64
212.56 0.00 1.13 46.87 19.68
212.10 0.00 1.13 46.45 16.85
211.70 0.00 1.13 45.95 13.30
211.32 0.00 1.21 45.42 9.22
210.99 0.00 1.21 44.92 4.94
210.69 0.00 1.21 44.92 0.53
210.36 0.00 1.21 44.92 3.90
210.05 0.00 1.21 44.53 8.26
209.78 0.00 1.21 44.53 12.46
209.49 0.00 1.21 44.14 16.49
209.26 0.00 1.21 44.14 20.27
209.02 0.00 1.21 44.14 23.65
208.78 0.00 1.21 44.14 26.47
208.63 0.00 1.21 43.84 28.62
208.46 0.00 1.21 43.63 29.99
208.38 0.00 1.21 43.49 30.47
208.37 0.00 1.33 43.41 30.04
208.46 0.00 1.33 43.44 28.63
208.67 0.00 1.33 43.55 26.18
208.79 0.00 1.33 43.87 23.01
208.90 0.00 1.33 44.42 19.39
209.31 0.00 1.33 45.08 15.30
209.75 0.00 1.33 45.83 10.78
210.23 0.00 1.33 46.67 6.16
210.89 0.00 1.33 47.49 1.69
211.68 0.00 1.33 48.25 2.57
212.54 0.00 1.33 48.96 6.61
213.19 0.00 1.33 48.96 10.30
213.70 0.00 1.33 48.96 13.44
214.15 0.00 1.33 49.53 15.94
214.55 0.00 1.33 49.99 17.82
214.89 0.00 1.33 49.99 19.04
215.17 0.00 1.33 50.34 19.53
215.40 0.00 1.33 50.42 19.37
215.59 0.00 1.33 50.13 18.60
215.74 0.00 1.33 49.38 17.35
215.79 0.00 1.33 48.10 15.71
215.81 0.00 1.33 46.27 13.93
215.78 0.00 1.47 43.90 12.10
215.70 0.00 1.47 41.17 10.24
215.73 0.00 1.47 38.24 8.53
215.87 0.00 1.47 35.33 6.99
216.05 0.00 1.47 32.61 5.60
216.30 0.00 1.47 30.19 5.60
216.57 0.00 1.47 28.22 4.43
216.83 0.00 1.47 26.81 4.43
217.14 0.00 1.47 25.99 3.37
217.40 0.00 1.47 25.77 2.36
217.65 0.00 1.47 26.03 1.34
217.90 0.00 1.47 26.74 0.22
217.99 0.00 1.47 27.91 0.98
218.13 0.00 1.47 29.47 2.20
218.21 0.00 1.47 31.41 3.40
218.30 0.00 1.47 33.73 4.54
218.41 0.00 1.47 36.30 4.54
218.47 0.00 1.47 39.07 5.49
218.60 0.00 1.47 41.94 5.49
218.69 0.00 1.55 44.72 6.23
218.78 0.00 1.55 47.27 6.82
218.86 0.00 1.55 49.59 7.25
218.93 0.00 1.55 49.59 7.59
219.00 0.00 1.55 51.56 7.78
219.02 0.00 1.55 53.20 7.87
219.01 0.00 1.55 54.44 7.85
218.88 0.00 1.55 55.21 7.75
218.72 0.00 1.55 55.39 7.52
218.54 0.00 1.55 54.92 7.23
218.42 0.00 1.55 53.78 6.94
218.33 0.00 1.67 52.03 6.59
218.22 0.00 1.67 49.74 6.24
218.10 0.00 1.67 47.02 5.89
218.03 0.00 1.67 44.02 5.63
217.92 0.00 1.67 40.91 5.45
217.82 0.00 1.67 37.88 5.34
217.70 0.00 1.67 35.01 5.34
217.59 0.00 1.67 32.42 5.34
217.49 0.00 1.67 30.21 5.20
217.41 0.00 1.67 28.37 5.20
217.27 0.00 1.67 26.95 5.20
217.22 0.00 1.67 26.02 5.21
217.16 0.00 1.67 25.61 5.48
217.09 0.00 1.67 25.66 6.18
216.99 0.00 1.67 26.07 7.37
216.86 0.00 1.67 26.74 8.94
216.73 0.00 1.67 27.59 10.81
216.64 0.00 1.67 28.51 12.80
216.58 0.00 1.73 29.41 14.67
216.49 0.00 1.73 30.23 16.21
216.39 0.00 1.73 31.00 17.33
216.30 0.00 1.73 31.62 17.95
216.21 0.00 1.73 32.12 18.03
216.27 0.00 1.73 32.50 17.57
216.31 0.00 1.73 32.75 16.49
216.27 0.00 1.82 32.88 14.97
216.28 0.00 1.82 32.86 13.19
216.48 0.00 1.82 32.70 11.05
216.72 0.00 1.82 32.39 8.52
216.89 0.00 1.82 32.02 5.67
217.05 0.00 1.82 32.02 2.61
217.25 0.00 1.82 32.02 0.60
217.41 0.00 1.95 31.75 3.94
217.44 0.00 1.95 31.60 7.30
217.40 0.00 1.95 31.51 10.60
217.28 0.00 1.95 31.49 13.74
217.25 0.00 1.95 31.51 16.79
217.12 0.00 1.95 31.51 19.81
216.90 0.00 1.95 31.51 22.85
216.68 0.00 1.95 31.57 25.82
216.54 0.00 1.95 31.57 28.68
216.34 0.00 1.95 31.57 31.39
215.81 0.00 1.95 31.58 34.08
215.06 0.00 1.95 31.58 36.69
214.16 0.00 1.95 31.58 39.24
212.87 0.00 1.95 31.58 41.77
210.96 0.00 1.95 31.54 44.25
209.28 0.00 1.95 31.46 46.46
207.79 0.00 2.10 31.31 46.46
206.62 0.00 2.10 31.12 48.43
205.62 0.00 2.10 30.79 50.20
204.19 0.00 2.10 30.31 51.78
202.10 0.00 2.10 29.72 53.38
200.23 0.00 2.10 29.02 53.38
198.68 0.00 2.10 28.27 54.83
197.91 0.00 2.10 27.49 54.83

