246.53 0.00 0.00 0.00 0.00
247.85 0.00 0.00 0.03 0.00
248.92 0.00 0.00 0.03 0.00
249.79 0.00 0.00 0.02 0.00
250.77 0.00 0.00 0.02 0.00
251.68 0.00 0.00 0.02 0.00
252.51 0.00 0.00 0.02 0.00
253.31 0.00 0.00 0.02 0.00
254.07 0.00 0.00 0.02 0.00
254.76 0.00 0.00 0.02 0.00
255.38 0.00 0.00 0.02 0.00
256.22 0.00 0.00 0.02 0.00
257.00 0.00 0.00 0.02 0.00
258.05 0.00 0.00 0.02 0.00
259.96 0.00 0.00 0.02 0.00
262.32 0.00 0.00 0.02 0.00
264.62 0.00 0.00 0.02 0.00
266.91 0.00 0.00 0.02 0.00
269.16 0.00 0.00 0.02 0.00
271.21 0.00 0.00 0.06 0.00
272.22 0.00 0.00 0.06 0.00
273.44 0.00 0.00 0.06 0.00
274.59 0.00 0.00 0.06 0.00
275.64 0.00 0.00 0.06 0.00
276.64 0.00 0.00 0.12 0.00
277.60 0.00 0.00 0.12 0.00
278.11 0.00 0.00 0.12 0.00
278.36 0.00 0.00 0.12 0.00
278.70 0.00 0.00 0.12 0.00
279.06 0.00 0.00 0.12 0.00
279.30 0.00 0.00 0.12 0.00
279.01 0.00 0.00 0.12 0.00
278.07 0.00 0.00 0.12 0.00
276.95 0.00 0.00 0.22 0.00
275.67 0.00 0.00 0.22 0.00
274.14 0.00 0.00 0.22 0.00
272.44 0.00 0.00 0.22 0.00
270.57 0.00 0.00 0.22 0.00
268.52 0.00 0.00 0.35 0.00
266.41 0.00 0.00 0.35 0.00
264.33 0.00 0.00 0.35 0.00
262.12 0.00 0.00 0.52 0.00
259.89 0.00 0.00 0.52 0.00
257.80 0.00 0.00 0.71 0.00
255.70 0.00 0.00 0.71 0.00
253.72 0.00 0.00 0.71 0.00
251.87 0.00 0.00 0.92 0.00
249.96 0.00 0.00 0.92 0.00
248.15 0.00 0.00 0.92 0.00
246.42 0.00 0.00 1.15 0.00
244.81 0.00 0.00 1.15 0.00
243.21 0.00 0.00 1.15 0.00
241.77 0.00 0.00 1.31 0.00
240.40 0.00 0.00 1.31 0.00
239.05 0.00 0.00 1.31 0.00
237.92 0.00 0.00 1.41 0.00
236.96 0.00 0.00 1.45 0.00
236.01 0.00 0.00 1.45 0.00
235.18 0.00 0.00 1.40 0.03
234.44 0.00 0.00 1.27 0.03
233.69 0.00 0.00 1.11 0.03
233.04 0.00 0.00 0.88 0.03
232.41 0.00 0.00 0.63 0.08
231.83 0.00 0.00 0.37 0.08
231.26 0.00 0.00 0.10 0.08
230.83 0.00 0.00 0.10 0.08
230.33 0.00 0.00 0.09 0.08
229.86 0.00 0.00 0.21 0.11
229.35 0.00 0.00 0.28 0.10
228.93 0.00 0.00 0.28 0.05
228.51 0.00 0.00 0.38 0.05
228.12 0.00 0.00 0.38 0.03
227.68 0.00 0.00 0.38 0.03
227.30 0.00 0.00 0.38 0.03
226.99 0.00 0.00 0.38 0.07
226.63 0.00 0.00 0.38 0.15
226.20 0.00 0.00 0.38 0.15
225.87 0.00 0.00 0.55 0.26
225.52 0.00 0.00 0.55 0.26
225.21 0.00 0.00 0.55 0.26
224.88 0.00 0.00 0.62 0.40
224.52 0.00 0.00 0.58 0.40
224.18 0.00 0.00 0.58 0.57
223.89 0.00 0.03 0.58 0.76
223.65 0.00 0.03 0.58 0.76
223.37 0.00 0.03 0.51 0.88
223.17 0.00 0.03 0.51 0.88
222.90 0.00 0.03 0.49 0.95
222.70 0.00 0.03 0.52 0.95
222.49 0.00 0.03 0.52 0.95
222.31 0.00 0.03 0.52 0.95
222.13 0.00 0.03 0.52 1.05
221.96 0.00 0.03 0.52 1.05
221.80 0.00 0.03 0.52 1.05
221.65 0.00 0.03 0.52 1.05
221.56 0.00 0.03 0.49 1.05
221.40 0.00 0.03 0.43 1.05
221.33 0.00 0.03 0.43 1.05
221.23 0.00 0.03 0.33 1.19
221.17 0.00 0.03 0.33 1.19
221.09 0.00 0.03 0.33 1.19
221.01 0.00 0.03 0.33 1.19
220.96 0.00 0.03 0.33 1.26
220.87 0.00 0.03 0.33 1.26
220.83 0.00 0.03 0.33 1.26
220.77 0.00 0.03 0.20 1.26
220.79 0.00 0.03 0.20 1.26
220.73 0.00 0.03 0.20 1.37
220.68 0.00 0.03 0.20 1.42
220.68 0.00 0.03 0.20 1.42
220.63 0.00 0.03 0.01 1.42
220.61 0.00 0.03 0.23 1.37
220.56 0.00 0.03 0.47 1.37
220.48 0.00 0.03 0.77 1.28
220.44 0.00 0.03 1.12 1.16
220.33 0.00 0.03 1.52 1.02
220.26 0.00 0.03 2.00 0.80
220.22 0.00 0.03 2.60 0.51
220.08 0.00 0.03 3.30 0.13
219.97 0.00 0.03 4.09 0.33
219.80 0.00 0.03 4.96 0.92
219.65 0.00 0.03 5.90 1.57
219.47 0.00 0.03 6.85 2.26
219.31 0.00 0.03 7.87 2.96
219.17 0.00 0.03 8.93 3.66
219.03 0.00 0.03 10.08 4.36
218.92 0.00 0.03 11.35 5.02
218.90 0.00 0.03 12.78 5.02
218.90 0.00 0.03 14.34 5.55
218.97 0.00 0.03 16.01 5.55
219.06 0.00 0.03 17.78 5.96
219.15 0.00 0.03 19.65 6.28
219.25 0.00 0.03 21.54 6.51
219.30 0.00 0.03 23.42 6.67
219.46 0.00 0.03 25.28 6.67
219.57 0.00 0.03 27.08 6.76
219.69 0.00 0.03 28.74 6.79
219.88 0.00 0.03 30.28 6.73
219.98 0.00 0.03 31.71 6.64
220.13 0.00 0.03 33.01 6.46
220.24 0.00 0.03 34.18 6.27
220.34 0.00 0.03 34.18 6.05
220.48 0.00 0.03 35.16 6.05
220.57 0.00 0.03 35.16 6.05
220.69 0.00 0.03 35.16 6.05
220.79 0.00 0.03 35.16 5.77
220.88 0.00 0.03 35.16 5.44
220.96 0.00 0.03 35.16 5.10
221.01 0.00 0.03 35.97 4.72
221.08 0.00 0.03 35.97 4.29
221.15 0.00 0.03 35.97 3.79
221.22 0.00 0.03 36.63 3.22
221.28 0.00 0.03 36.63 2.62
221.28 0.00 0.03 36.63 2.02
221.34 0.00 0.03 37.16 1.45
221.39 0.00 0.03 37.16 0.81
221.51 0.00 0.03 37.16 0.08
221.55 0.00 0.03 37.16 0.74
221.56 0.00 0.03 37.16 1.68
221.57 0.00 0.03 37.58 2.68
221.61 0.00 0.03 37.58 3.64
221.61 0.00 0.03 37.90 4.52
221.67 0.00 0.03 38.13 4.52
221.70 0.00 0.03 38.13 5.34
221.77 0.00 0.03 38.13 6.09
221.79 0.00 0.03 38.38 6.09
221.84 0.00 0.03 38.38 6.09
221.93 0.00 0.03 38.38 6.80
222.03 0.00 0.03 38.38 6.80
222.13 0.00 0.03 38.38 7.37
222.28 0.00 0.03 38.38 7.37
222.41 0.00 0.03 38.64 7.82
222.51 0.00 0.03 38.64 7.82
222.57 0.00 0.03 38.64 8.17
222.66 0.00 0.03 38.64 8.34
222.69 0.00 0.03 38.64 8.35
222.70 0.00 0.03 38.64 8.14
222.68 0.00 0.03 38.64 7.68
222.62 0.00 0.03 38.92 6.88
222.53 0.00 0.03 39.20 5.77
222.45 0.00 0.03 39.40 4.41
222.38 0.00 0.03 39.40 2.76
222.29 0.00 0.03 39.53 0.88
222.18 0.00 0.03 39.60 1.12
222.10 0.00 0.03 39.62 3.22
222.02 0.00 0.03 39.62 5.37
221.98 0.00 0.03 39.62 7.52
221.91 0.00 0.03 39.59 9.61
221.85 0.00 0.03 39.59 11.62
221.80 0.00 0.03 39.59 13.46
221.74 0.00 0.03 39.59 13.46
221.69 0.00 0.03 39.52 14.93
221.67 0.00 0.03 39.52 15.99
221.68 0.00 0.03 39.52 16.55
221.70 0.00 0.03 39.52 16.46
221.73 0.00 0.03 39.52 15.79
221.83 0.00 0.03 39.41 14.58
222.01 0.00 0.03 39.41 12.90
222.21 0.00 0.03 39.36 10.84
222.40 0.00 0.03 39.36 8.51
222.62 0.00 0.03 39.41 5.94
222.77 0.00 0.03 39.41 3.20
222.92 0.00 0.03 39.49 0.46
223.08 0.00 0.03 39.49 2.25
223.23 0.00 0.03 39.52 4.84
223.37 0.00 0.03 39.52 7.33
223.52 0.00 0.03 39.59 9.58
223.64 0.00 0.03 39.59 9.58
223.80 0.00 0.03 39.59 11.50
223.95 0.00 0.03 39.61 13.04
224.04 0.00 0.03 39.61 14.16
224.05 0.00 0.03 39.61 14.82
224.03 0.00 0.03 39.67 14.95
223.88 0.00 0.03 39.68 14.57
223.61 0.00 0.03 39.64 13.65
223.36 0.00 0.03 39.56 12.17
223.06 0.00 0.03 39.45 10.17
222.72 0.00 0.03 39.45 7.79
222.34 0.00 0.03 39.45 5.08
221.99 0.00 0.03 39.39 2.19
221.70 0.00 0.03 39.39 0.75
221.37 0.00 0.03 39.30 3.57
221.15 0.00 0.03 39.30 6.17
220.92 0.00 0.03 39.18 8.49
220.74 0.00 0.03 39.18 10.37
220.59 0.00 0.03 39.18 11.78
220.45 0.00 0.03 39.11 12.70
220.30 0.00 0.03 39.11 13.10
220.22 0.00 0.03 39.10 12.91
220.18 0.00 0.03 39.10 12.16
220.26 0.00 0.03 39.13 10.83
220.51 0.00 0.03 39.13 8.90
220.93 0.00 0.03 39.30 6.46
221.39 0.00 0.03 39.53 3.70
221.97 0.00 0.03 39.78 0.76
222.54 0.00 0.03 40.05 2.22
223.06 0.00 0.03 40.32 4.99
223.52 0.00 0.03 40.60 7.45
223.93 0.00 0.03 40.90 9.56
224.31 0.00 0.03 40.90 11.21
224.69 0.00 0.03 41.20 12.48
225.02 0.00 0.03 41.20 13.40
225.28 0.00 0.03 41.41 13.98
225.37 0.00 0.03 41.51 14.26
225.34 0.00 0.03 41.46 14.23
225.14 0.00 0.03 41.11 13.99
224.91 0.00 0.03 40.35 13.50
224.65 0.00 0.03 39.10 12.81
224.37 0.00 0.03 37.38 11.98
224.10 0.00 0.03 35.25 11.08
223.81 0.00 0.03 32.81 10.16
223.58 0.00 0.03 30.19 9.26
223.38 0.00 0.03 27.59 8.39
223.17 0.00 0.03 25.18 8.39
223.00 0.00 0.02 23.13 8.39
222.84 0.00 0.02 21.43 7.68
222.69 0.00 0.02 20.13 7.68
222.53 0.00 0.02 19.27 7.68
222.40 0.00 0.02 18.87 7.01
222.36 0.00 0.02 18.97 6.34
222.29 0.00 0.02 19.65 5.66
222.32 0.00 0.02 20.87 4.98
222.43 0.00 0.02 22.61 4.26
222.48 0.00 0.02 24.84 3.49
222.50 0.00 0.02 27.46 2.68
222.52 0.00 0.02 30.33 1.84
222.58 0.00 0.02 33.29 0.98
222.62 0.00 0.02 36.18 0.13
222.66 0.00 0.02 38.93 0.65
222.69 0.00 0.02 41.41 1.28
222.63 0.00 0.02 41.41 1.75
222.59 0.00 0.02 43.49 2.11
222.53 0.00 0.02 45.12 2.38
222.45 0.00 0.02 46.23 2.57
222.38 0.00 0.02 46.84 2.69
222.31 0.00 0.02 46.96 2.75
222.27 0.00 0.02 46.53 2.71
222.21 0.00 0.02 45.57 2.55
222.15 0.00 0.02 44.10 2.31
222.05 0.00 0.01 42.15 2.06
222.03 0.00 0.01 39.86 1.80
221.91 0.00 0.01 37.37 1.43
221.87 0.00 0.01 34.89 1.07
221.79 0.00 0.01 32.54 0.71
221.74 0.00 0.01 32.54 0.35
221.69 0.00 0.01 30.58 0.35
221.62 0.00 0.01 29.05 0.35
221.63 0.00 0.01 28.03 0.01
221.59 0.00 0.01 27.51 0.01
221.52 0.00 0.01 27.50 0.01
221.54 0.00 0.01 28.07 0.28
221.48 0.00 0.01 29.25 0.42
221.47 0.00 0.01 30.99 0.50
221.47 0.00 0.01 33.23 0.53
221.43 0.00 0.01 35.77 0.53
221.43 0.00 0.01 38.34 0.60
221.40 0.00 0.01 40.68 0.60
221.40 0.00 0.01 42.63 0.60
221.45 0.00 0.01 44.23 0.61
221.47 0.00 0.01 45.50 0.61
221.48 0.00 0.01 46.51 0.67
221.50 0.00 0.01 47.36 0.76
221.52 0.00 0.08 48.00 0.89
221.51 0.00 0.08 48.29 1.05
221.43 0.00 0.08 48.09 1.27
221.33 0.00 0.08 47.25 1.27
221.23 0.00 0.08 45.70 1.27
221.17 0.00 0.08 43.50 1.51
221.06 0.00 0.08 40.90 1.77
221.01 0.00 0.08 38.10 2.04
220.89 0.00 0.08 35.30 2.32
220.83 0.00 0.08 32.63 2.32
220.77 0.00 0.08 30.21 2.32
220.67 0.00 0.08 28.19 2.51
220.62 0.00 0.08 26.65 2.60
220.50 0.00 0.08 25.72 2.58
220.46 0.00 0.08 25.44 2.39
220.41 0.00 0.08 25.83 2.04
220.37 0.00 0.11 26.89 1.60
220.35 0.00 0.11 28.44 1.08
220.25 0.00 0.11 30.24 0.49
220.16 0.00 0.11 32.08 0.25
220.02 0.00 0.11 33.74 1.21
219.85 0.00 0.11 35.13 2.49
219.64 0.00 0.11 36.17 4.06
219.40 0.00 0.11 36.89 5.92
219.12 0.00 0.11 37.35 8.09
218.86 0.00 0.11 37.60 10.43
218.60 0.00 0.11 37.70 12.78
218.40 0.00 0.11 37.73 15.10
218.17 0.00 0.11 37.72 17.26
218.03 0.00 0.11 37.66 19.19
217.87 0.00 0.11 37.56 20.74
217.70 0.00 0.11 37.56 21.86
217.59 0.00 0.11 37.56 22.48
217.49 0.00 0.11 37.56 22.44
217.39 0.00 0.11 37.56 21.50
217.35 0.00 0.11 37.53 19.74
217.26 0.00 0.11 37.54 17.44
217.20 0.00 0.11 37.50 14.72
217.13 0.00 0.11 37.50 11.62
217.08 0.00 0.11 37.56 8.38
217.03 0.00 0.11 37.66 5.15
216.97 0.00 0.11 37.79 2.02
216.93 0.00 0.11 37.79 0.98
216.92 0.00 0.11 37.95 3.91
216.84 0.00 0.11 38.13 6.56
216.79 0.00 0.11 38.13 8.78
216.74 0.00 0.11 38.24 10.44
216.67 0.00 0.11 38.25 11.40
216.51 0.00 0.11 38.17 11.43
216.28 0.00 0.11 38.01 10.55
216.08 0.00 0.11 37.83 8.79
215.88 0.00 0.11 37.83 6.37
215.68 0.00 0.11 37.62 3.39
215.54 0.00 0.11 37.62 0.08
215.38 0.00 0.11 37.62 3.34
215.23 0.00 0.11 37.62 6.60
215.12 0.00 0.11 37.62 9.58
215.04 0.00 0.11 37.39 12.22
214.99 0.00 0.11 37.39 14.48
214.99 0.00 0.11 37.39 16.31
214.99 0.00 0.11 37.39 17.55
215.12 0.00 0.11 37.39 18.05
215.25 0.00 0.10 37.39 17.68
215.41 0.00 0.10 37.39 16.54
215.52 0.00 0.10 37.39 14.70
215.61 0.00 0.10 37.24 12.32
215.66 0.00 0.10 37.16 9.76
215.69 0.00 0.10 37.04 7.12
215.74 0.00 0.10 36.88 4.50
215.74 0.00 0.10 36.88 1.81
215.74 0.00 0.10 36.80 0.89
215.79 0.00 0.05 36.80 3.70
215.83 0.00 0.05 36.77 6.51
215.87 0.00 0.05 36.77 9.27
215.88 0.00 0.05 36.70 11.96
215.90 0.00 0.05 36.59 14.61
215.81 0.00 0.05 36.45 17.19
215.76 0.00 0.05 36.45 19.62
215.68 0.00 0.05 36.45 21.97
215.61 0.00 0.05 36.45 24.19
215.52 0.00 0.05 36.38 26.36
215.42 0.00 0.05 36.38 28.43
215.34 0.00 0.05 36.26 30.37
215.29 0.00 0.05 36.26 32.24
215.20 0.00 0.05 36.26 34.19
214.95 0.00 0.05 36.08 36.11
214.64 0.00 0.05 36.08 37.96
214.32 0.00 0.05 36.08 39.81
213.86 0.00 0.05 36.08 41.64
213.36 0.00 0.05 36.08 43.42
212.92 0.00 0.05 36.08 45.15
212.39 0.00 0.05 36.08 46.84
211.91 0.00 0.05 36.08 48.36
211.57 0.00 0.05 35.87 48.36
211.40 0.00 0.05 35.60 48.36
211.64 0.00 0.05 35.32 49.73
211.82 0.00 0.05 35.03 49.73
212.14 0.00 0.04 35.03 50.97
213.13 0.00 0.04 34.73 52.09
215.09 0.00 0.04 34.42 53.16
218.18 0.00 0.08 34.02 54.14
221.19 0.00 0.08 33.58 54.14
223.91 0.00 0.15 33.16 55.04
226.22 0.00 0.27 32.69 55.87
228.11 0.00 0.41 32.24 56.68
229.49 0.00 0.41 31.67 57.53
230.79 0.00 0.41 30.99 58.22
232.01 0.00 0.41 30.22 58.22
233.26 0.00 0.41 29.41 58.22
234.43 0.00 0.41 28.62 58.22

