
38.19 0.00 0.32 26.04 10.61
38.55 0.00 0.32 26.04 10.61
38.55 0.00 0.32 26.04 10.61
38.19 0.00 0.32 26.04 10.61
37.84 0.00 0.32 26.04 10.73
38.19 0.00 0.32 26.04 10.73
38.19 0.00 0.32 26.04 10.73
38.19 0.00 0.32 26.22 10.73
38.19 0.00 0.32 26.22 10.73
37.84 0.00 0.32 26.22 10.73
38.19 0.00 0.32 26.22 10.73
38.55 0.00 0.32 26.22 10.73
38.55 0.00 0.32 26.22 10.73
37.84 0.00 0.32 26.22 10.73
38.55 0.00 0.32 26.22 10.73
38.19 0.00 0.32 26.22 10.73
37.84 0.00 0.32 26.22 10.73
38.55 0.00 0.32 26.22 10.73
37.84 0.00 0.32 26.22 10.73
38.19 0.00 0.32 26.22 10.73
38.19 0.00 0.32 26.22 10.73
38.55 0.00 0.32 26.22 10.89
37.84 0.00 0.32 26.22 10.89
38.19 0.00 0.32 26.22 10.89
38.19 0.00 0.32 26.22 10.89
38.19 0.00 0.32 26.22 10.89
38.55 0.00 0.32 26.22 11.07
38.19 0.00 0.32 26.22 11.07
38.19 0.00 0.32 26.22 11.07
38.19 0.00 0.32 26.22 11.07
38.19 0.00 0.32 26.22 11.07
38.19 0.00 0.32 26.22 11.07
38.55 0.00 0.32 26.22 11.07
37.84 0.00 0.32 26.22 11.07
38.19 0.00 0.32 26.22 11.07
38.19 0.00 0.32 26.22 11.07
38.19 0.00 0.32 26.22 11.07
38.19 0.00 0.32 26.22 11.07
38.55 0.00 0.32 26.22 11.27
38.19 0.00 0.32 26.22 11.27
38.55 0.00 0.32 26.22 11.27
38.19 0.00 0.32 26.22 11.27
38.19 0.00 0.32 26.22 11.41
38.19 0.00 0.32 26.22 11.41
38.55 0.00 0.32 26.22 11.41
38.19 0.00 0.32 26.42 11.41
38.19 0.00 0.32 26.42 11.41
38.55 0.00 0.32 26.42 11.41
37.84 0.00 0.32 26.42 11.41
38.55 0.00 0.32 26.42 11.41
38.19 0.00 0.32 26.42 11.41
38.19 0.00 0.32 26.42 11.57
37.84 0.00 0.32 26.42 11.57
38.19 0.00 0.32 26.42 11.57
38.19 0.00 0.32 26.42 11.66
38.55 0.00 0.32 26.42 11.66
38.55 0.00 0.32 26.42 11.66
38.90 0.00 0.32 26.42 11.66
38.55 0.00 0.32 26.42 11.66
38.55 0.00 0.32 26.64 11.66
38.19 0.00 0.32 26.64 11.66
38.55 0.00 0.32 26.64 11.79
38.19 0.00 0.32 26.64 11.79
38.55 0.00 0.32 26.64 11.79
38.19 0.00 0.32 26.64 11.79
38.55 0.00 0.32 26.64 11.79
38.55 0.00 0.32 26.64 11.85
38.55 0.00 0.32 26.64 11.85
38.19 0.00 0.32 26.64 11.85
38.19 0.00 0.32 26.64 11.85
38.19 0.00 0.32 26.64 11.85
38.19 0.00 0.32 26.64 11.85
38.19 0.00 0.32 26.64 11.85
38.19 0.00 0.32 26.64 11.85
38.90 0.00 0.32 26.64 11.85
38.19 0.00 0.32 26.64 11.85
38.55 0.00 0.32 26.64 11.96
38.19 0.00 0.32 26.64 11.96
38.19 0.00 0.32 26.87 11.96
38.55 0.00 0.32 26.87 11.96
38.19 0.00 0.32 26.87 11.96
38.55 0.00 0.32 26.87 11.96
38.19 0.00 0.32 27.12 11.96
38.55 0.00 0.32 27.12 11.96
38.19 0.00 0.32 27.12 11.96
38.55 0.00 0.32 27.12 11.96
38.19 0.00 0.32 27.12 11.96
38.19 0.00 0.32 27.12 11.96
38.19 0.00 0.32 27.12 11.96
38.55 0.00 0.32 27.12 11.96
38.55 0.00 0.32 27.12 11.96
38.90 0.00 0.32 27.12 11.96
38.55 0.00 0.32 27.12 11.96
38.55 0.00 0.32 27.12 11.96
38.19 0.00 0.32 27.12 12.00
38.55 0.00 0.32 27.12 12.00
38.55 0.00 0.32 27.12 12.00
38.55 0.00 0.32 27.12 12.00
38.55 0.00 0.32 27.12 12.00
38.55 0.00 0.32 27.12 12.00
38.55 0.00 0.32 27.12 12.00
38.55 0.00 0.32 27.12 12.00
38.55 0.00 0.32 27.12 12.00
38.55 0.00 0.32 27.12 12.00
38.55 0.00 0.32 27.12 12.00
38.19 0.00 0.32 27.12 12.08
38.55 0.00 0.32 27.12 12.08
38.55 0.00 0.32 27.12 12.08
38.55 0.00 0.32 27.12 12.08
38.19 0.00 0.32 27.12 12.08
38.55 0.00 0.32 27.12 12.08
38.19 0.00 0.32 27.12 12.08
38.19 0.00 0.32 27.12 12.08
38.55 0.00 0.32 27.12 12.08
38.55 0.00 0.32 27.12 12.08
38.19 0.00 0.32 27.12 12.08
38.19 0.00 0.32 27.12 12.08
38.55 0.00 0.32 27.12 12.08
38.55 0.00 0.32 27.12 12.08
38.19 0.00 0.32 27.12 12.08
38.55 0.00 0.32 27.12 12.08
38.90 0.00 0.32 27.12 12.20
38.55 0.00 0.32 27.12 12.20
38.19 0.00 0.32 27.12 12.20
38.55 0.00 0.32 27.12 12.20
38.19 0.00 0.32 27.12 12.20
38.55 0.00 0.32 27.12 12.20
38.55 0.00 0.32 27.12 12.35
38.55 0.00 0.32 27.12 12.35
38.90 0.00 0.32 27.12 12.35
38.19 0.00 0.32 27.12 12.35
38.55 0.00 0.32 27.12 12.35
38.19 0.00 0.32 27.12 12.35
38.55 0.00 0.32 27.12 12.35
38.55 0.00 0.32 27.12 12.35
38.19 0.00 0.32 27.12 12.35
38.55 0.00 0.32 27.12 12.35
37.84 0.00 0.32 27.12 12.35
38.55 0.00 0.32 27.12 12.35
38.90 0.00 0.32 27.12 12.35
38.19 0.00 0.32 27.12 12.35
38.55 0.00 0.32 27.12 12.35
38.19 0.00 0.32 27.12 12.35
38.19 0.00 0.32 27.12 12.35
38.19 0.00 0.32 27.12 12.35
38.19 0.00 0.32 27.12 12.35
38.19 0.00 0.32 27.12 12.35
38.55 0.00 0.32 27.12 12.43
38.19 0.00 0.32 27.12 12.43
38.55 0.00 0.32 27.12 12.43
38.19 0.00 0.32 27.12 12.43
38.19 0.00 0.32 27.12 12.43
38.19 0.00 0.32 27.12 12.43
38.19 0.00 0.32 27.12 12.43
38.19 0.00 0.32 27.12 12.43
38.19 0.00 0.32 27.12 12.43
38.19 0.00 0.32 27.12 12.43
38.19 0.00 0.32 27.12 12.43
38.19 0.00 0.32 27.12 12.43
38.55 0.00 0.32 27.12 12.43
38.19 0.00 0.32 27.12 12.43
38.55 0.00 0.32 27.12 12.43
38.19 0.00 0.32 27.12 12.46
38.19 0.00 0.32 27.12 12.46
38.19 0.00 0.32 27.12 12.46
38.19 0.00 0.32 27.12 12.46
38.19 0.00 0.32 27.12 12.46
38.19 0.00 0.32 27.12 12.46
37.84 0.00 0.32 27.12 12.46
38.19 0.00 0.32 27.12 12.46
38.55 0.00 0.32 27.12 12.46
38.19 0.00 0.32 27.12 12.46
38.19 0.00 0.32 27.12 12.46
38.19 0.00 0.32 27.12 12.46
38.55 0.00 0.32 27.12 12.46
38.19 0.00 0.32 27.12 12.53
38.55 0.00 0.32 27.12 12.53
38.55 0.00 0.32 27.12 12.53
38.19 0.00 0.32 27.12 12.53
38.19 0.00 0.32 27.12 12.53
38.19 0.00 0.32 27.12 12.64
38.55 0.00 0.32 27.12 12.64
38.19 0.00 0.32 27.12 12.64
38.19 0.00 0.32 27.12 12.64
38.19 0.00 0.32 27.12 12.64
38.55 0.00 0.32 27.38 12.64
38.55 0.00 0.32 27.38 12.69
38.19 0.00 0.32 27.38 12.69
38.19 0.00 0.32 27.38 12.69
38.19 0.00 0.32 27.38 12.69
38.55 0.00 0.32 27.38 12.69
38.19 0.00 0.32 27.38 12.69
38.19 0.00 0.32 27.38 12.68
38.19 0.00 0.32 27.38 12.68
38.19 0.00 0.32 27.38 12.68


