
38.55 0.00 0.00 0.72 0.45
38.19 0.00 0.00 0.72 0.62
37.84 0.00 0.00 0.72 0.62
38.90 0.00 0.00 0.72 0.62
38.55 0.00 0.00 0.72 0.62
38.55 0.00 0.00 0.72 0.62
38.55 0.00 0.00 0.72 0.81
38.19 0.00 0.00 0.72 0.81
38.55 0.00 0.00 0.72 1.02
38.90 0.00 0.00 0.67 1.02
38.19 0.00 0.00 0.67 1.25
38.55 0.00 0.00 0.68 1.25
38.19 0.00 0.00 0.68 1.25
38.55 0.00 0.00 0.68 1.25
38.55 0.00 0.00 0.68 1.49
38.19 0.00 0.00 0.64 1.49
38.55 0.00 0.00 0.64 1.49
38.19 0.00 0.00 0.64 1.75
38.19 0.00 0.00 0.64 1.75
38.19 0.00 0.00 0.70 2.02
38.55 0.00 0.00 0.70 2.02
38.55 0.00 0.00 0.70 2.02
38.19 0.00 0.00 0.70 2.21
38.19 0.00 0.00 0.70 2.21
38.19 0.00 0.00 0.70 2.21
38.19 0.00 0.00 0.70 2.33
38.90 0.00 0.00 0.70 2.33
38.19 0.00 0.00 0.70 2.33
37.84 0.00 0.00 0.70 2.33
38.19 0.00 0.00 0.70 2.33
38.19 0.00 0.00 0.70 2.33
38.19 0.00 0.00 0.65 2.33
38.19 0.00 0.00 0.65 2.33
38.19 0.00 0.00 0.57 2.49
38.55 0.00 0.00 0.45 2.49
38.19 0.00 0.00 0.45 2.49
38.55 0.00 0.00 0.45 2.66
38.19 0.00 0.00 0.45 2.66
38.19 0.00 0.00 0.45 2.66
37.84 0.00 0.00 0.45 2.66
37.84 0.00 0.00 0.45 2.66
37.84 0.00 0.00 0.45 2.77
38.19 0.00 0.00 0.45 2.77
37.84 0.00 0.00 0.45 2.82
37.84 0.00 0.00 0.45 2.82
37.84 0.00 0.00 0.45 2.82
38.19 0.00 0.00 0.39 2.82
38.19 0.00 0.00 0.39 2.82
38.19 0.00 0.00 0.39 2.77
37.84 0.00 0.00 0.39 2.77
37.84 0.00 0.00 0.39 2.77
38.19 0.00 0.00 0.39 2.77
38.19 0.00 0.00 0.39 2.77
38.19 0.00 0.00 0.39 2.77
37.49 0.00 0.00 0.39 2.77
38.19 0.00 0.00 0.39 2.77
37.84 0.00 0.00 0.39 2.77
38.55 0.00 0.00 0.30 2.78
37.84 0.00 0.00 0.30 2.78
37.84 0.00 0.00 0.30 2.78
38.19 0.00 0.00 0.30 2.78
37.84 0.00 0.00 0.30 2.78
37.84 0.00 0.00 0.30 2.78
38.19 0.00 0.00 0.30 2.78
37.84 0.00 0.00 0.30 2.78
38.19 0.00 0.00 0.30 2.78
38.19 0.00 0.00 0.30 2.83
37.84 0.00 0.00 0.30 2.83
37.84 0.00 0.00 0.30 2.83
38.19 0.00 0.00 0.30 2.83
37.84 0.00 0.00 0.30 2.83
37.84 0.00 0.00 0.30 2.83
38.19 0.00 0.00 0.30 2.92
38.19 0.00 0.00 0.30 2.92
37.84 0.00 0.00 0.30 2.92
37.84 0.00 0.00 0.30 2.92
38.19 0.00 0.00 0.30 2.92
37.84 0.00 0.00 0.30 2.92
38.19 0.00 0.00 0.30 2.92
37.84 0.00 0.00 0.30 2.92
38.19 0.00 0.00 0.30 2.92
38.19 0.00 0.00 0.30 2.92
37.49 0.00 0.00 0.30 2.92
38.19 0.00 0.00 0.30 2.92
37.84 0.00 0.00 0.30 2.92
38.19 0.00 0.00 0.30 2.92
38.19 0.00 0.00 0.30 3.04
37.84 0.00 0.00 0.17 3.04
37.84 0.00 0.00 0.17 3.04
37.84 0.00 0.00 0.17 3.04
37.84 0.00 0.00 0.17 3.19
37.84 0.00 0.00 0.17 3.19
38.55 0.00 0.00 0.17 3.19
38.19 0.00 0.00 0.17 3.19
38.19 0.00 0.00 0.17 3.19
38.55 0.00 0.00 0.17 3.19
37.84 0.00 0.00 0.17 3.28
38.19 0.00 0.00 0.17 3.28
37.84 0.00 0.00 0.17 3.28
38.19 0.00 0.00 0.17 3.28
38.55 0.00 0.00 0.17 3.28
38.55 0.00 0.00 0.17 3.28
38.19 0.00 0.00 0.17 3.28
38.19 0.00 0.00 0.17 3.28
38.19 0.00 0.00 0.17 3.28
37.84 0.00 0.00 0.17 3.28
38.55 0.00 0.00 0.17 3.28
38.19 0.00 0.00 0.17 3.28
38.19 0.00 0.00 0.17 3.28
38.55 0.00 0.00 0.17 3.28
38.19 0.00 0.00 0.17 3.28
38.19 0.00 0.00 0.17 3.28
38.19 0.00 0.00 0.17 3.28
37.84 0.00 0.00 0.17 3.40
38.19 0.00 0.00 0.17 3.40
38.19 0.00 0.00 0.17 3.40
38.55 0.00 0.00 0.17 3.40
38.55 0.00 0.00 0.17 3.40
37.84 0.00 0.00 0.17 3.40
37.84 0.00 0.00 0.17 3.40
37.84 0.00 0.00 0.17 3.46
37.84 0.00 0.00 0.17 3.46
37.84 0.00 0.00 0.17 3.46
38.55 0.00 0.00 0.17 3.46
37.84 0.00 0.00 0.17 3.46
37.84 0.00 0.00 0.17 3.46
37.49 0.00 0.00 0.17 3.46
37.84 0.00 0.00 0.01 3.46
37.84 0.00 0.00 0.01 3.46
38.19 0.00 0.00 0.01 3.55
37.84 0.00 0.00 0.01 3.55
37.84 0.00 0.00 0.01 3.55
38.19 0.00 0.00 0.01 3.55
38.19 0.00 0.00 0.01 3.55
37.84 0.00 0.00 0.01 3.55
38.19 0.00 0.00 0.01 3.55
37.49 0.00 0.00 0.01 3.55
37.84 0.00 0.00 0.01 3.55
37.84 0.00 0.00 0.01 3.55
38.19 0.00 0.00 0.01 3.55
37.49 0.00 0.00 0.01 3.55
37.84 0.00 0.00 0.01 3.55
37.84 0.00 0.00 0.01 3.55
37.84 0.00 0.00 0.01 3.55
37.84 0.00 0.00 0.01 3.55
37.84 0.00 0.00 0.01 3.55
37.84 0.00 0.00 0.01 3.55
38.19 0.00 0.00 0.01 3.55
38.19 0.00 0.00 0.01 3.55
38.19 0.00 0.00 0.01 3.55
38.19 0.00 0.00 0.01 3.55
38.55 0.00 0.00 0.01 3.55
37.84 0.00 0.00 0.08 3.55
37.84 0.00 0.00 0.08 3.55
38.19 0.00 0.00 0.08 3.68
37.84 0.00 0.00 0.08 3.68
37.84 0.00 0.00 0.08 3.68
37.84 0.00 0.00 0.08 3.68
38.55 0.00 0.00 0.08 3.68
38.19 0.00 0.00 0.08 3.68
38.19 0.00 0.00 0.08 3.68
37.84 0.00 0.00 0.08 3.84
37.84 0.00 0.00 0.08 3.84
38.19 0.00 0.00 0.08 3.84
38.19 0.00 0.00 0.08 3.84
38.19 0.00 0.00 0.08 3.84
37.84 0.00 0.00 0.08 3.84
37.84 0.00 0.00 0.08 3.84
38.19 0.00 0.00 0.08 3.84
38.19 0.00 0.00 0.08 3.94
37.84 0.00 0.00 0.08 3.94
37.84 0.00 0.00 0.08 3.94
37.84 0.00 0.00 0.08 3.94
37.84 0.00 0.00 0.08 3.94
37.84 0.00 0.00 0.08 3.94
37.84 0.00 0.00 0.08 3.94
37.84 0.00 0.00 0.08 4.06
38.55 0.00 0.00 0.08 4.06
37.84 0.00 0.00 0.08 4.06
38.55 0.00 0.00 0.08 4.06
38.19 0.00 0.00 0.08 4.22
38.19 0.00 0.00 0.08 4.22
37.84 0.00 0.00 0.08 4.22
38.55 0.00 0.00 0.08 4.22
38.19 0.00 0.00 0.08 4.22
38.19 0.00 0.00 0.08 4.22
38.19 0.00 0.00 0.08 4.22
38.55 0.00 0.00 0.08 4.22
37.84 0.00 0.00 0.08 4.22
38.19 0.00 0.00 0.08 4.22
38.19 0.00 0.00 0.08 4.22
38.19 0.00 0.00 0.08 4.22
38.55 0.00 0.00 0.08 4.22
37.84 0.00 0.00 0.08 4.22
38.19 0.00 0.00 0.08 4.22
38.19 0.00 0.00 0.08 4.22
38.55 0.00 0.00 0.08 4.22
38.19 0.00 0.00 0.11 4.22
38.55 0.00 0.00 0.11 4.22
38.55 0.00 0.00 0.11 4.22
37.84 0.00 0.00 0.11 4.22
38.19 0.00 0.00 0.11 4.22
38.19 0.00 0.00 0.11 4.22
38.19 0.00 0.00 0.11 4.22
38.55 0.00 0.00 0.11 4.22
38.19 0.00 0.00 0.11 4.40
38.19 0.00 0.00 0.11 4.40
38.19 0.00 0.00 0.11 4.40
38.19 0.00 0.00 0.11 4.40
38.19 0.00 0.00 0.11 4.40
38.19 0.00 0.00 0.11 4.40
38.19 0.00 0.00 0.11 4.40
38.55 0.00 0.00 0.11 4.60
38.55 0.00 0.00 0.11 4.60
38.19 0.00 0.00 0.11 4.60
38.55 0.00 0.00 0.11 4.60
38.19 0.00 0.00 0.11 4.60
37.84 0.00 0.00 0.11 4.60
37.84 0.00 0.00 0.11 4.60
37.84 0.00 0.00 0.11 4.60
37.84 0.00 0.00 0.11 4.73
38.55 0.00 0.00 0.11 4.73
37.84 0.00 0.00 0.11 4.73
37.84 0.00 0.00 0.11 4.73
37.84 0.00 0.00 0.11 4.73
38.19 0.00 0.00 0.11 4.73
38.19 0.00 0.00 0.11 4.89
37.84 0.00 0.00 0.11 4.89
37.84 0.00 0.00 0.11 4.89
37.84 0.00 0.00 0.11 4.89
37.84 0.00 0.00 0.11 4.89
37.84 0.00 0.00 0.11 4.89
37.84 0.00 0.00 0.11 4.89
38.19 0.00 0.00 0.11 4.89
38.19 0.00 0.00 0.11 4.89
38.19 0.00 0.00 0.11 5.07
38.55 0.00 0.00 0.11 5.07
38.55 0.00 0.00 0.11 5.07
38.19 0.00 0.00 0.11 5.07
38.19 0.00 0.00 0.11 5.07
38.19 0.00 0.00 0.11 5.07
38.19 0.00 0.00 0.11 5.07
38.19 0.00 0.00 0.11 5.07
37.84 0.00 0.00 0.11 5.07
38.19 0.00 0.00 0.11 5.07
38.19 0.00 0.00 0.11 5.07
38.19 0.00 0.00 0.11 5.07
38.19 0.00 0.00 0.11 5.07
38.19 0.00 0.00 0.11 5.07
38.19 0.00 0.00 0.11 5.07
37.84 0.00 0.00 0.11 5.07
38.19 0.00 0.00 0.11 5.07
38.19 0.00 0.00 0.11 5.07
38.19 0.00 0.00 0.11 5.07
37.84 0.00 0.00 0.11 5.07
38.19 0.00 0.00 0.11 5.28
38.55 0.00 0.00 0.11 5.28
38.55 0.00 0.00 0.11 5.28
38.19 0.00 0.00 0.11 5.28
38.55 0.00 0.00 0.11 5.28
38.19 0.00 0.00 0.11 5.28
37.49 0.00 0.00 0.11 5.28
38.55 0.00 0.00 0.11 5.41
37.84 0.00 0.00 0.11 5.41
38.19 0.00 0.00 0.11 5.41
38.55 0.00 0.00 0.11 5.41
38.19 0.00 0.00 0.11 5.41
38.55 0.00 0.00 0.11 5.41
38.19 0.00 0.00 0.11 5.41
38.55 0.00 0.00 0.11 5.41
38.55 0.00 0.00 0.11 5.41
38.55 0.00 0.00 0.11 5.41
38.19 0.00 0.00 0.11 5.41
38.19 0.00 0.00 0.11 5.41
38.55 0.00 0.00 0.11 5.41
38.90 0.00 0.00 0.11 5.41
38.55 0.00 0.00 0.11 5.41
38.55 0.00 0.00 0.11 5.41
38.55 0.00 0.00 0.11 5.41
38.55 0.00 0.00 0.11 5.57
38.55 0.00 0.00 0.11 5.57
38.55 0.00 0.00 0.11 5.57
38.55 0.00 0.00 0.19 5.72
39.25 0.00 0.00 0.19 5.72
38.90 0.00 0.00 0.19 5.72
38.90 0.00 0.00 0.19 5.72
38.55 0.00 0.00 0.19 5.72
38.90 0.00 0.00 0.19 5.72
38.55 0.00 0.00 0.19 5.72
38.90 0.00 0.00 0.19 5.72
38.55 0.00 0.00 0.19 5.72
38.55 0.00 0.00 0.19 5.72
38.90 0.00 0.00 0.19 5.72
38.55 0.00 0.00 0.19 5.72
38.55 0.00 0.00 0.19 5.93
39.25 0.00 0.00 0.19 5.93
38.90 0.00 0.00 0.19 5.93
38.55 0.00 0.00 0.19 5.93
38.90 0.00 0.00 0.19 5.93
38.55 0.00 0.00 0.19 6.07
38.90 0.00 0.00 0.19 6.07
38.90 0.00 0.00 0.19 6.07
39.25 0.00 0.00 0.19 6.07
39.25 0.00 0.00 0.19 6.07
38.90 0.00 0.00 0.19 6.07
38.55 0.00 0.00 0.19 6.07
38.90 0.00 0.00 0.19 6.07
38.55 0.00 0.00 0.19 6.07
38.90 0.00 0.00 0.19 6.07
38.90 0.00 0.00 0.19 6.07
38.90 0.00 0.00 0.19 6.07
38.55 0.00 0.00 0.19 6.07
38.90 0.00 0.00 0.30 6.07
39.25 0.00 0.00 0.30 6.07
38.90 0.00 0.00 0.30 6.07
39.25 0.00 0.00 0.30 6.07
38.90 0.00 0.00 0.30 6.07
38.90 0.00 0.00 0.30 6.07
38.90 0.00 0.00 0.30 6.07
38.90 0.00 0.00 0.30 6.07
38.55 0.00 0.00 0.44 6.07
38.90 0.00 0.00 0.44 6.07
39.25 0.00 0.00 0.44 6.07
38.90 0.00 0.00 0.44 6.07
39.25 0.00 0.00 0.44 6.07
39.25 0.00 0.00 0.44 6.07
38.90 0.00 0.00 0.44 6.07
39.25 0.00 0.00 0.44 6.07
39.25 0.00 0.00 0.44 6.15
39.25 0.00 0.00 0.44 6.15
39.25 0.00 0.00 0.44 6.15
39.25 0.00 0.00 0.44 6.15
39.25 0.00 0.00 0.44 6.15
39.25 0.00 0.00 0.44 6.26
39.25 0.00 0.00 0.44 6.26
39.25 0.00 0.00 0.44 6.26
39.96 0.00 0.00 0.44 6.26
38.90 0.00 0.00 0.61 6.26
39.25 0.00 0.00 0.61 6.26
39.25 0.00 0.00 0.61 6.26
39.25 0.00 0.00 0.61 6.26
39.61 0.00 0.00 0.61 6.26
39.25 0.00 0.00 0.61 6.26
39.96 0.00 0.00 0.61 6.26
39.25 0.00 0.00 0.61 6.26
39.25 0.00 0.00 0.61 6.26
39.25 0.00 0.00 0.61 6.26
39.61 0.00 0.00 0.61 6.26
39.25 0.00 0.00 0.61 6.26
39.25 0.00 0.00 0.61 6.26
39.61 0.00 0.00 0.61 6.26
39.61 0.00 0.00 0.61 6.26
39.61 0.00 0.00 0.61 6.26
39.61 0.00 0.00 0.61 6.26
39.61 0.00 0.00 0.61 6.26
39.61 0.00 0.00 0.61 6.26
39.61 0.00 0.00 0.61 6.26
39.25 0.00 0.00 0.61 6.26
39.61 0.00 0.00 0.61 6.26
39.61 0.00 0.00 0.61 6.26
39.25 0.00 0.00 0.61 6.26
39.25 0.00 0.00 0.61 6.31
39.25 0.00 0.00 0.61 6.31
39.25 0.00 0.00 0.61 6.31
39.61 0.00 0.00 0.61 6.31
39.61 0.00 0.00 0.61 6.31
39.25 0.00 0.00 0.61 6.31
39.61 0.00 0.00 0.61 6.31
39.25 0.00 0.00 0.61 6.31
39.25 0.00 0.00 0.61 6.31
39.25 0.00 0.00 0.61 6.31
39.25 0.00 0.00 0.61 6.31
39.25 0.00 0.00 0.61 6.32
38.90 0.00 0.00 0.61 6.32
38.90 0.00 0.00 0.61 6.32
39.25 0.00 0.00 0.61 6.32
38.90 0.00 0.00 0.61 6.32
38.90 0.00 0.00 0.61 6.32
38.90 0.00 0.00 0.61 6.32
38.90 0.00 0.00 0.61 6.32
39.25 0.00 0.00 0.61 6.32
39.25 0.00 0.00 0.61 6.32
38.90 0.00 0.00 0.61 6.32
38.90 0.00 0.00 0.61 6.32
38.90 0.00 0.00 0.61 6.32
38.90 0.00 0.00 0.61 6.32
39.25 0.00 0.00 0.61 6.27
38.90 0.00 0.00 0.61 6.27
38.55 0.00 0.00 0.61 6.27
38.55 0.00 0.00 0.61 6.27
38.90 0.00 0.00 0.61 6.27
38.90 0.00 0.00 0.61 6.27
38.90 0.00 0.00 0.61 6.28
38.90 0.00 0.00 0.61 6.28
38.90 0.00 0.00 0.61 6.28
38.90 0.00 0.00 0.61 6.28
38.90 0.00 0.00 0.61 6.28
38.90 0.00 0.00 0.61 6.28
38.90 0.00 0.00 0.61 6.28
38.90 0.00 0.00 0.61 6.28
38.90 0.00 0.00 0.61 6.28
38.55 0.00 0.00 0.61 6.28
38.90 0.00 0.00 0.61 6.28
38.90 0.00 0.00 0.61 6.28
38.90 0.00 0.00 0.61 6.28
38.55 0.00 0.00 0.61 6.28
38.90 0.00 0.00 0.61 6.28
38.55 0.00 0.00 0.61 6.28
38.90 0.00 0.00 0.61 6.28
39.25 0.00 0.00 0.61 6.28
38.55 0.00 0.00 0.61 6.28
39.25 0.00 0.00 0.61 6.28
38.90 0.00 0.00 0.61 6.28
38.90 0.00 0.00 0.61 6.28
38.90 0.00 0.00 0.71 6.28
38.90 0.00 0.00 0.71 6.28
39.25 0.00 0.00 0.71 6.28
39.25 0.00 0.00 0.71 6.28
38.90 0.00 0.00 0.71 6.28
38.90 0.00 0.00 0.71 6.28
38.90 0.00 0.00 0.71 6.28
38.55 0.00 0.00 0.71 6.28
38.90 0.00 0.00 0.71 6.28
39.25 0.00 0.00 0.71 6.28
39.25 0.00 0.00 0.71 6.28
39.25 0.00 0.00 0.71 6.28
39.25 0.00 0.00 0.71 6.28
38.90 0.00 0.00 0.71 6.28
39.25 0.00 0.00 0.71 6.28
39.25 0.00 0.00 0.71 6.28
39.25 0.00 0.00 0.71 6.28
38.55 0.00 0.00 0.71 6.28
39.25 0.00 0.00 0.71 6.28
39.25 0.00 0.00 0.71 6.28
38.90 0.00 0.00 0.71 6.28
39.25 0.00 0.00 0.71 6.24
38.90 0.00 0.00 0.71 6.24
39.25 0.00 0.00 0.71 6.25
39.25 0.00 0.00 0.71 6.25
38.90 0.00 0.00 0.71 6.25
39.25 0.00 0.00 0.71 6.25
38.90 0.00 0.00 0.71 6.25
38.90 0.00 0.00 0.71 6.25
39.25 0.00 0.00 0.71 6.22
38.90 0.00 0.00 0.71 6.22


