18.94 0.00 0.03 0.00 0.00
36.84 0.00 0.03 0.00 0.00
53.79 0.00 0.03 0.00 0.00
69.72 0.00 0.03 0.00 0.00
84.72 0.00 0.03 0.03 0.00
98.81 0.00 0.03 0.03 0.00
112.07 0.00 0.03 0.03 0.00
124.49 0.00 0.03 0.03 0.00
136.14 0.00 0.03 0.03 0.00
147.11 0.00 0.03 0.03 0.00
157.56 0.00 0.03 0.03 0.00
167.47 0.00 0.03 0.03 0.00
176.93 0.00 0.03 0.03 0.00
185.89 0.00 0.02 0.03 0.00
194.26 0.00 0.02 0.03 0.00
202.02 0.00 0.02 0.03 0.00
209.27 0.00 0.02 0.03 0.00
216.04 0.00 0.02 0.03 0.00
222.35 0.00 0.02 0.02 0.00
228.21 0.00 0.02 0.02 0.00
233.66 0.00 0.02 0.02 0.00
238.79 0.00 0.02 0.02 0.00
243.55 0.00 0.02 0.02 0.00
248.00 0.00 0.02 0.02 0.00
252.14 0.00 0.02 0.02 0.00
256.02 0.00 0.02 0.02 0.00
259.58 0.00 0.02 0.02 0.00
262.93 0.00 0.02 0.02 0.00
266.05 0.00 0.02 0.02 0.00
269.01 0.00 0.02 0.02 0.00
271.72 0.00 0.02 0.02 0.00
274.24 0.00 0.02 0.06 0.00
276.50 0.00 0.02 0.06 0.00
278.52 0.00 0.02 0.06 0.00
280.30 0.00 0.02 0.06 0.00
282.02 0.00 0.02 0.06 0.00
283.69 0.00 0.02 0.06 0.00
285.28 0.00 0.02 0.06 0.00
286.78 0.00 0.02 0.05 0.00
288.18 0.00 0.02 0.05 0.00
289.51 0.00 0.02 0.05 0.00
290.82 0.00 0.02 0.05 0.00
292.17 0.00 0.02 0.05 0.03
293.47 0.00 0.02 0.05 0.03
294.80 0.00 0.02 0.08 0.03
296.06 0.00 0.02 0.08 0.03
297.09 0.00 0.02 0.08 0.03
297.79 0.00 0.02 0.08 0.03
298.22 0.00 0.02 0.07 0.03
298.43 0.00 0.02 0.07 0.03
298.70 0.00 0.02 0.07 0.03
298.85 0.00 0.02 0.11 0.08
299.00 0.00 0.02 0.11 0.08
299.11 0.00 0.02 0.11 0.08
299.13 0.00 0.02 0.11 0.18
299.14 0.00 0.02 0.09 0.18
299.26 0.00 0.06 0.04 0.18
299.40 0.00 0.06 0.04 0.18
299.58 0.00 0.06 0.04 0.18
299.74 0.00 0.06 0.03 0.18
299.95 0.00 0.06 0.03 0.18
300.13 0.00 0.06 0.03 0.18
300.33 0.00 0.06 0.07 0.18
300.52 0.00 0.06 0.07 0.18
300.74 0.00 0.06 0.07 0.18
300.90 0.00 0.06 0.07 0.18
301.05 0.00 0.06 0.07 0.18
301.19 0.00 0.06 0.07 0.18
301.29 0.00 0.06 0.06 0.18
301.46 0.00 0.06 0.06 0.18
301.64 0.00 0.12 0.06 0.18
301.88 0.00 0.12 0.06 0.18
302.06 0.00 0.12 0.06 0.18
302.18 0.00 0.12 0.01 0.18
302.24 0.00 0.12 0.01 0.18
302.32 0.00 0.12 0.01 0.30
302.30 0.00 0.12 0.01 0.30
302.28 0.00 0.12 0.01 0.30
302.19 0.00 0.12 0.01 0.46
302.17 0.00 0.12 0.05 0.46
302.02 0.00 0.12 0.05 0.46
301.51 0.00 0.12 0.05 0.46
300.80 0.00 0.12 0.05 0.46
299.96 0.00 0.12 0.05 0.46
299.28 0.00 0.12 0.05 0.46
299.10 0.00 0.12 0.05 0.46
298.91 0.00 0.12 0.05 0.46
298.84 0.00 0.12 0.05 0.46
298.88 0.00 0.12 0.05 0.46
298.98 0.00 0.12 0.00 0.46
299.21 0.00 0.12 0.00 0.46
299.47 0.00 0.12 0.09 0.46
299.74 0.00 0.12 0.09 0.46
299.89 0.00 0.12 0.09 0.46
300.13 0.00 0.12 0.09 0.56
300.29 0.00 0.12 0.13 0.56
300.48 0.00 0.22 0.11 0.56
300.65 0.00 0.22 0.11 0.56
300.87 0.00 0.22 0.11 0.56
301.06 0.00 0.22 0.14 0.56
301.22 0.00 0.22 0.21 0.56
301.35 0.00 0.22 0.21 0.56
301.49 0.00 0.22 0.21 0.56
301.60 0.00 0.22 0.23 0.56
301.65 0.00 0.22 0.23 0.56
301.75 0.00 0.22 0.23 0.56
301.84 0.00 0.22 0.23 0.56
301.85 0.00 0.22 0.29 0.56
301.93 0.00 0.22 0.29 0.56
302.01 0.00 0.35 0.39 0.56
302.03 0.00 0.35 0.39 0.56
302.08 0.00 0.35 0.39 0.56
302.15 0.00 0.35 0.39 0.56
302.21 0.00 0.35 0.39 0.56
302.22 0.00 0.35 0.39 0.56
302.23 0.00 0.35 0.52 0.56
302.21 0.00 0.52 0.68 0.56
302.25 0.00 0.52 0.86 0.56
302.25 0.00 0.71 1.11 0.56
302.29 0.00 0.92 1.37 0.56
302.29 0.00 1.15 1.65 0.56
302.27 0.00 1.44 1.98 0.56
302.28 0.00 1.83 2.31 0.56
302.26 0.00 2.31 2.31 0.56
302.29 0.00 2.90 2.55 0.56
302.27 0.00 3.60 2.55 0.56
302.32 0.00 4.39 2.55 0.56
302.37 0.00 5.31 2.81 0.56
302.40 0.00 6.33 2.81 0.56
302.42 0.00 7.36 3.21 0.56
302.46 0.00 8.31 3.79 0.56
302.53 0.00 8.31 4.48 0.56
302.66 0.00 9.18 5.30 0.56
302.81 0.00 9.18 6.24 0.56
303.00 0.00 9.18 7.24 0.56
303.17 0.00 9.18 8.20 0.56
303.36 0.00 9.98 8.20 0.56
303.48 0.00 9.98 9.00 0.56
303.62 0.00 9.98 9.00 0.56
303.68 0.00 9.98 9.00 0.70
303.73 0.00 10.64 9.00 0.70
303.81 0.00 10.64 9.00 0.70
303.78 0.00 11.16 9.00 0.70
303.83 0.00 11.16 9.00 0.70
303.73 0.00 11.58 9.73 0.70
303.64 0.00 11.58 9.73 0.70
303.57 0.00 11.58 10.29 0.70
303.47 0.00 11.58 10.73 0.70
303.32 0.00 11.58 10.73 0.70
303.23 0.00 11.90 11.06 0.70
303.07 0.00 11.90 11.27 0.70
303.00 0.00 11.90 11.40 0.70
302.93 0.00 11.90 11.47 0.70
302.77 0.00 11.90 11.49 0.70
302.65 0.00 11.90 11.46 0.79
302.53 0.00 11.90 11.38 0.79
302.40 0.00 11.90 11.28 0.79
302.25 0.00 12.13 11.28 0.79
302.19 0.00 12.29 11.28 0.79
302.03 0.00 12.29 11.23 0.79
301.91 0.00 12.16 11.23 0.79
301.79 0.00 11.86 11.28 0.79
301.69 0.00 11.42 11.28 0.79
301.63 0.00 10.86 11.28 0.79
301.52 0.00 10.19 11.37 0.79
301.43 0.00 9.38 11.37 0.79
301.35 0.00 8.50 11.40 0.79
301.32 0.00 7.55 11.38 0.79
301.25 0.00 6.54 11.38 0.79
301.15 0.00 5.43 11.32 0.79
301.09 0.00 4.24 11.32 0.79
300.98 0.00 3.02 11.32 0.79
300.98 0.00 1.83 11.22 0.79
300.88 0.00 0.65 11.22 0.79
300.86 0.00 0.51 11.22 0.79
300.84 0.00 1.66 11.22 0.79
300.75 0.00 2.80 11.18 0.79
300.67 0.00 3.92 11.23 0.79
300.59 0.00 5.04 11.23 0.79
300.57 0.00 6.15 11.32 0.79
300.47 0.00 7.16 11.32 0.79
300.46 0.00 8.13 11.36 0.79
300.44 0.00 9.03 11.36 0.79
300.35 0.00 9.85 11.36 0.79
300.35 0.00 10.61 11.43 0.79
300.36 0.00 11.32 11.43 0.79
300.31 0.00 11.32 11.55 0.79
300.35 0.00 11.32 11.55 0.79
300.34 0.00 11.32 11.55 0.79
300.43 0.00 11.90 11.69 0.90
300.56 0.00 11.90 11.95 0.90
300.66 0.00 11.90 12.26 0.90
300.87 0.00 11.90 12.67 0.90
301.00 0.00 12.36 13.16 0.90
301.16 0.00 12.36 13.68 0.90
301.37 0.00 12.71 14.18 1.05
301.51 0.00 12.97 14.57 1.05
301.76 0.00 12.97 14.57 1.05
301.92 0.00 13.16 14.96 1.05
302.12 0.00 13.27 15.38 1.05
302.28 0.00 13.33 15.38 1.05
302.41 0.00 13.29 15.71 1.05
302.62 0.00 13.16 15.71 1.05
302.72 0.00 12.96 15.71 1.05
302.87 0.00 12.70 15.71 1.05
302.98 0.00 12.38 15.95 1.05
303.08 0.00 12.01 15.95 1.05
303.15 0.00 11.60 15.95 1.05
303.22 0.00 11.19 16.11 1.05
303.28 0.00 11.19 16.21 1.05
303.34 0.00 10.89 16.21 1.05
303.44 0.00 10.89 16.21 1.05
303.49 0.00 10.89 16.21 1.05
303.53 0.00 10.66 16.21 1.05
303.57 0.00 10.66 16.16 1.05
303.61 0.00 10.66 15.98 1.14
303.69 0.00 10.66 15.98 1.14
303.62 0.00 10.66 15.98 1.14
303.66 0.00 10.66 15.73 1.14
303.67 0.00 10.66 15.43 1.14
303.63 0.00 10.51 15.12 1.14
303.66 0.00 10.43 14.90 1.14
303.45 0.00 10.40 14.90 1.14
303.28 0.00 10.42 14.65 1.14
303.12 0.00 10.48 14.40 1.14
302.90 0.00 10.62 14.04 1.14
302.77 0.00 10.79 13.59 1.14
302.69 0.00 10.79 13.11 1.14
302.59 0.00 10.79 12.65 1.14
302.51 0.00 10.79 12.65 1.14
302.37 0.00 10.79 12.65 1.14
302.28 0.00 10.79 12.65 1.14
302.19 0.00 10.99 12.65 1.14
302.15 0.00 10.99 12.65 1.14
302.14 0.00 10.99 12.20 1.14
302.13 0.00 10.99 11.77 1.14
302.12 0.00 10.99 11.34 1.14
302.19 0.00 10.99 11.34 1.14
302.20 0.00 10.99 11.34 1.14
302.18 0.00 10.99 11.01 1.14
302.27 0.00 11.11 11.01 1.26
302.27 0.00 11.17 10.68 1.26
302.33 0.00 11.18 10.35 1.26
302.38 0.00 11.10 10.35 1.26
302.38 0.00 10.90 10.02 1.26
302.42 0.00 10.63 10.02 1.26
302.42 0.00 10.26 9.68 1.26
302.44 0.00 9.75 9.30 1.26
302.48 0.00 9.18 8.92 1.26
302.55 0.00 8.55 8.54 1.32
302.56 0.00 7.81 8.17 1.32
302.54 0.00 7.04 8.17 1.32
302.51 0.00 6.23 8.17 1.32
302.50 0.00 5.39 7.80 1.32
302.51 0.00 4.52 7.80 1.32
302.50 0.00 3.63 7.80 1.32
302.56 0.00 2.71 7.52 1.33
302.57 0.00 1.78 7.52 1.33
302.61 0.00 0.83 7.52 1.33
302.61 0.00 0.13 7.52 1.33
302.62 0.00 1.05 7.52 1.33
302.65 0.00 2.00 7.32 1.33
302.70 0.00 2.91 7.32 1.33
302.73 0.00 3.84 7.32 1.33
302.73 0.00 4.79 7.32 1.33
302.75 0.00 5.75 7.32 1.33
302.75 0.00 6.72 7.20 1.33
302.79 0.00 7.62 7.13 1.33
302.74 0.00 8.49 7.13 1.33
302.76 0.00 9.29 7.03 1.33
302.76 0.00 9.29 6.98 1.33
302.76 0.00 9.29 7.03 1.33
302.75 0.00 9.29 7.03 1.33
302.77 0.00 9.29 7.03 1.33
302.79 0.00 9.29 7.03 1.33
302.74 0.00 9.29 7.12 1.33
302.74 0.00 9.29 7.25 1.33
302.78 0.00 10.03 7.40 1.33
302.78 0.00 10.03 7.58 1.33
302.82 0.00 10.73 7.58 1.33
302.84 0.00 11.43 7.58 1.33
302.83 0.00 12.08 7.69 1.39
302.87 0.00 12.74 7.69 1.39
302.86 0.00 13.45 7.69 1.39
302.92 0.00 14.15 7.74 1.39
302.91 0.00 14.86 7.74 1.39
302.87 0.00 15.52 7.74 1.39
302.96 0.00 15.52 7.74 1.39
302.89 0.00 15.52 7.74 1.39
302.88 0.00 15.52 7.74 1.39
302.84 0.00 15.52 7.69 1.39
302.76 0.00 16.06 7.69 1.39
302.71 0.00 16.43 7.70 1.39
302.61 0.00 16.71 7.75 1.39
302.57 0.00 16.87 7.75 1.39
302.51 0.00 16.91 7.84 1.39
302.43 0.00 16.82 7.84 1.39
302.35 0.00 16.60 7.96 1.39
302.28 0.00 16.28 7.96 1.39
302.21 0.00 15.86 8.11 1.39
302.15 0.00 15.36 8.11 1.39
302.11 0.00 14.79 8.11 1.39
302.03 0.00 14.20 8.11 1.39
301.98 0.00 14.20 8.15 1.39
301.94 0.00 13.64 8.15 1.39
301.94 0.00 13.64 8.23 1.39
301.99 0.00 13.64 8.35 1.39
301.95 0.00 13.20 8.49 1.39
302.02 0.00 12.86 8.49 1.39
302.05 0.00 12.61 8.49 1.39
302.09 0.00 12.48 8.49 1.39
302.18 0.00 12.46 8.58 1.39
302.22 0.00 12.53 8.58 1.39
302.30 0.00 12.68 8.58 1.39
302.33 0.00 12.86 8.74 1.44
302.35 0.00 13.15 8.93 1.44
302.43 0.00 13.49 9.04 1.44
302.47 0.00 13.88 9.04 1.44
302.49 0.00 14.31 9.04 1.44
302.50 0.00 14.77 9.04 1.44
302.54 0.00 15.22 9.04 1.44
302.55 0.00 15.65 9.04 1.44
302.59 0.00 15.65 9.04 1.44
302.60 0.00 15.65 9.10 1.44
302.58 0.00 15.65 9.11 1.44
302.59 0.00 15.99 9.07 1.44
302.55 0.00 15.99 9.07 1.44
302.56 0.00 16.24 9.07 1.44
302.52 0.00 16.41 9.07 1.44
302.53 0.00 16.51 9.07 1.44
302.47 0.00 16.52 9.13 1.44
302.42 0.00 16.38 9.13 1.44
302.44 0.00 16.17 9.22 1.44
302.38 0.00 15.95 9.22 1.44
302.38 0.00 15.71 9.22 1.44
302.36 0.00 15.45 9.34 1.44
302.36 0.00 15.45 9.34 1.44
302.40 0.00 15.45 9.34 1.44
302.40 0.00 15.45 9.54 1.44
302.40 0.00 15.45 9.76 1.44
302.47 0.00 15.45 9.76 1.44
302.51 0.00 15.45 9.76 1.44
302.57 0.00 15.28 10.00 1.44
302.63 0.00 15.28 10.00 1.52
302.66 0.00 15.17 10.16 1.52
302.69 0.00 15.16 10.25 1.52
302.76 0.00 15.24 10.25 1.64
302.76 0.00 15.36 10.25 1.64
302.83 0.00 15.51 10.29 1.64
302.87 0.00 15.51 10.29 1.64
302.88 0.00 15.51 10.29 1.64
302.87 0.00 15.60 10.28 1.64
302.91 0.00 15.60 10.22 1.64
302.92 0.00 15.62 10.13 1.64
302.90 0.00 15.60 10.09 1.64
302.94 0.00 15.54 10.09 1.64
302.92 0.00 15.44 10.09 1.64
302.93 0.00 15.31 10.09 1.64
302.94 0.00 15.31 10.09 1.64
302.88 0.00 15.31 10.09 1.64
302.96 0.00 15.31 10.11 1.64
303.02 0.00 15.31 10.11 1.64
303.07 0.00 15.31 10.11 1.64
303.12 0.00 15.24 10.16 1.64
303.21 0.00 15.24 10.16 1.64
303.25 0.00 15.24 10.16 1.64
303.26 0.00 15.23 10.16 1.64
303.37 0.00 15.26 10.17 1.64
303.40 0.00 15.26 10.17 1.64
303.42 0.00 15.33 10.17 1.64
303.47 0.00 15.33 10.12 1.64
303.44 0.00 15.33 10.12 1.64
303.49 0.00 15.33 10.12 1.64
303.51 0.00 15.33 10.12 1.64
303.53 0.00 15.33 10.04 1.64
303.52 0.00 15.35 10.04 1.64
303.56 0.00 15.35 10.02 1.64
303.60 0.00 15.32 10.02 1.64
303.56 0.00 15.25 10.04 1.64
303.65 0.00 15.14 10.04 1.70
303.66 0.00 15.14 10.04 1.70
303.64 0.00 15.14 10.04 1.70
303.67 0.00 15.14 10.04 1.70
303.70 0.00 15.14 10.11 1.70
303.73 0.00 15.14 10.11 1.70
303.74 0.00 15.14 10.21 1.70
303.79 0.00 15.14 10.21 1.70
303.81 0.00 15.09 10.21 1.70
303.83 0.00 15.09 10.21 1.70
303.85 0.00 15.09 10.34 1.70
303.82 0.00 15.09 10.34 1.70
303.87 0.00 15.10 10.34 1.70
303.88 0.00 15.10 10.41 1.70
303.90 0.00 15.14 10.41 1.70
303.92 0.00 15.14 10.41 1.70
303.98 0.00 15.23 10.41 1.70
303.99 0.00 15.23 10.41 1.70
303.97 0.00 15.23 10.43 1.70
304.01 0.00 15.23 10.43 1.70
303.97 0.00 15.23 10.40 1.70
304.00 0.00 15.23 10.40 1.70
304.01 0.00 15.23 10.40 1.70
304.02 0.00 15.23 10.40 1.70
304.05 0.00 15.23 10.40 1.71
304.06 0.00 15.23 10.33 1.71
304.11 0.00 15.23 10.22 1.71
304.13 0.00 15.23 10.08 1.71
304.18 0.00 15.23 9.92 1.71
304.20 0.00 15.23 9.73 1.71
304.25 0.00 15.23 9.73 1.71
304.31 0.00 15.23 9.73 1.71
304.37 0.00 15.23 9.73 1.71
304.43 0.00 15.23 9.73 1.71
304.45 0.00 15.23 9.73 1.71
304.48 0.00 15.23 9.73 1.71
304.53 0.00 15.23 9.73 1.71
304.55 0.00 15.23 9.73 1.71
304.57 0.00 15.23 9.73 1.71
304.63 0.00 15.23 9.73 1.71
304.60 0.00 15.23 9.73 1.71
304.66 0.00 15.23 9.73 1.71
304.72 0.00 15.23 9.73 1.71
304.78 0.00 15.23 9.73 1.71
304.83 0.00 15.23 9.73 1.71
304.83 0.00 15.23 9.73 1.71
304.93 0.00 15.23 9.73 1.71
304.95 0.00 15.23 9.73 1.71
304.96 0.00 15.23 9.73 1.71
305.00 0.00 15.23 9.73 1.71
305.04 0.00 15.23 9.73 1.71
305.05 0.00 15.23 9.73 1.71
305.03 0.00 15.23 9.73 1.71
305.09 0.00 15.23 9.73 1.71
305.07 0.00 15.23 9.73 1.71
305.11 0.00 15.23 9.52 1.71
305.11 0.00 15.23 9.52 1.71
305.19 0.00 15.23 9.52 1.71
305.21 0.00 15.23 9.52 1.71
305.24 0.00 15.23 9.52 1.71
305.38 0.00 15.23 9.29 1.71
305.44 0.00 15.23 9.29 1.71
305.61 0.00 15.23 9.29 1.71
305.70 0.00 15.23 9.05 1.71
305.84 0.00 15.23 8.79 1.76
306.01 0.00 15.23 8.47 1.76
306.12 0.00 15.23 8.15 1.76
306.23 0.00 15.23 7.83 1.76
306.37 0.00 15.23 7.83 1.76
306.44 0.00 15.23 7.83 1.76
306.50 0.00 15.23 7.50 1.76
306.58 0.00 15.23 7.50 1.76
306.60 0.00 15.23 7.17 1.76
306.70 0.00 15.23 7.17 1.76
306.77 0.00 15.23 7.17 1.76
306.83 0.00 15.23 7.17 1.76
306.91 0.00 15.23 7.17 1.76
306.93 0.00 15.23 7.17 1.76
307.03 0.00 15.23 7.17 1.76
307.10 0.00 15.23 7.17 1.76
307.16 0.00 15.23 7.17 1.76
307.29 0.00 15.23 7.17 1.76
307.37 0.00 15.23 7.17 1.76
307.51 0.00 15.23 7.17 1.76
307.66 0.00 15.23 6.84 1.76
307.76 0.00 15.23 6.84 1.76
307.92 0.00 15.23 6.84 1.76
307.95 0.00 15.23 6.84 1.76
308.20 0.00 15.23 6.84 1.76
308.55 0.00 15.23 6.84 1.76
309.14 0.00 15.23 6.84 1.76
309.83 0.00 15.23 6.84 1.76
310.46 0.00 15.23 6.84 1.76
310.92 0.00 15.23 6.84 1.76
311.35 0.00 15.23 6.84 1.76
311.77 0.00 15.23 6.84 1.76
312.10 0.00 15.23 6.51 1.76
312.47 0.00 15.23 6.51 1.76
312.74 0.00 15.23 6.51 1.76
313.03 0.00 15.26 6.51 1.76
313.31 0.00 15.26 6.51 1.76
313.53 0.00 15.26 6.17 1.76
313.73 0.00 15.26 6.17 1.76
313.90 0.00 15.26 6.17 1.76
314.03 0.00 15.26 5.83 1.76
314.05 0.00 15.26 5.49 1.76
313.88 0.00 15.26 5.49 1.76
313.62 0.00 15.26 5.49 1.76
313.41 0.00 15.26 5.49 1.76
313.16 0.00 15.26 5.49 1.76
312.98 0.00 15.26 5.15 1.76
312.74 0.00 15.26 5.15 1.76
312.56 0.00 15.26 5.15 1.76
312.40 0.00 15.26 5.15 1.76
312.22 0.00 15.26 5.15 1.76
312.03 0.00 15.26 5.15 1.76
311.90 0.00 15.26 5.15 1.76
311.75 0.00 15.26 5.15 1.76
311.64 0.00 15.26 5.15 1.76
311.49 0.00 15.26 5.15 1.76
311.45 0.00 15.26 5.15 1.76
311.36 0.00 15.26 4.80 1.76
311.30 0.00 15.26 4.80 1.76
311.20 0.00 15.26 4.80 1.76
311.12 0.00 15.26 4.80 1.76
310.98 0.00 15.26 4.80 1.76
310.90 0.00 15.26 4.80 1.76
310.80 0.00 15.26 4.80 1.76
310.78 0.00 15.26 4.80 1.76
310.71 0.00 15.26 4.80 1.76
310.65 0.00 15.26 4.80 1.76
310.61 0.00 15.26 4.80 1.76
310.61 0.00 15.26 4.55 1.76
310.50 0.00 15.26 4.55 1.76
310.48 0.00 15.26 4.55 1.76
310.38 0.00 15.26 4.55 1.76
310.39 0.00 15.26 4.55 1.76
310.32 0.00 15.26 4.28 1.76
310.31 0.00 15.26 4.28 1.76
310.25 0.00 15.26 4.28 1.76
310.22 0.00 15.26 4.00 1.76
310.16 0.00 15.26 4.00 1.76
310.21 0.00 15.26 4.00 1.76
310.13 0.00 15.26 4.00 1.76
310.11 0.00 15.26 4.00 1.76
310.06 0.00 15.26 4.00 1.76
310.07 0.00 15.26 4.00 1.76
310.02 0.00 15.26 4.00 1.76
310.06 0.00 15.26 4.00 1.76
310.01 0.00 15.26 3.72 1.76
310.02 0.00 15.26 3.72 1.76
309.98 0.00 15.26 3.72 1.76
309.99 0.00 15.26 3.72 1.76
309.98 0.00 15.26 3.72 1.76
309.99 0.00 15.26 3.72 1.76
309.98 0.00 15.26 3.72 1.76
310.01 0.00 15.26 3.72 1.76
309.97 0.00 15.26 3.72 1.76
309.98 0.00 15.26 3.42 1.76
309.94 0.00 15.26 3.42 1.76
309.98 0.00 15.26 3.42 1.76
309.97 0.00 15.26 3.12 1.76
309.93 0.00 15.26 3.12 1.76
309.95 0.00 15.26 3.12 1.76
309.93 0.00 15.26 3.12 1.76
309.90 0.00 15.26 3.12 1.76
309.92 0.00 15.26 3.12 1.76
309.86 0.00 15.26 3.12 1.76
309.85 0.00 15.26 2.90 1.76
309.85 0.00 15.26 2.90 1.76
309.87 0.00 15.26 2.90 1.76
309.86 0.00 15.26 2.90 1.76
309.88 0.00 15.26 2.90 1.76
309.85 0.00 15.26 2.90 1.76
309.92 0.00 15.26 2.90 1.76
309.89 0.00 15.26 2.90 1.76
309.90 0.00 15.26 2.90 1.76
309.89 0.00 15.26 2.90 1.76
309.86 0.00 15.26 2.90 1.76
309.88 0.00 15.26 2.90 1.76
309.87 0.00 15.26 2.90 1.76
309.80 0.00 15.26 2.90 1.76
309.80 0.00 15.26 2.66 1.76
309.75 0.00 15.26 2.66 1.76
309.80 0.00 15.26 2.66 1.76
309.77 0.00 15.26 2.66 1.76
