
312.94 0.00 0.00 3.25 0.06
312.58 0.00 0.00 3.25 0.06
312.27 0.00 0.00 3.25 0.05
312.03 0.00 0.03 3.25 0.05
311.80 0.00 0.03 3.25 0.05
311.61 0.00 0.03 3.25 0.05
311.35 0.00 0.03 3.25 0.05
311.00 0.00 0.03 3.51 0.05
310.65 0.00 0.03 3.51 0.05
310.25 0.00 0.08 3.69 0.08
309.91 0.00 0.18 3.69 0.08
309.56 0.00 0.30 3.69 0.08
309.19 0.00 0.50 3.85 0.15
308.82 0.00 0.80 4.03 0.15
308.35 0.00 1.15 4.28 0.15
307.92 0.00 1.64 4.59 0.15
307.54 0.00 2.21 4.90 0.15
307.24 0.00 2.84 5.22 0.15
306.85 0.00 3.58 5.54 0.15
306.47 0.00 4.40 5.86 0.15
306.05 0.00 5.30 6.19 0.15
305.68 0.00 6.28 6.53 0.15
305.31 0.00 7.30 6.90 0.15
304.93 0.00 8.43 7.33 0.15
304.61 0.00 9.59 7.74 0.15
304.19 0.00 10.83 8.14 0.15
303.83 0.00 12.09 8.14 0.15
303.49 0.00 13.38 8.14 0.15
303.17 0.00 14.63 8.14 0.15
302.85 0.00 15.86 8.14 0.15
302.57 0.00 17.07 8.45 0.15
302.32 0.00 18.25 8.45 0.15
302.03 0.00 19.34 8.45 0.15
301.71 0.00 19.34 8.58 0.15
301.49 0.00 19.34 8.56 0.15
301.29 0.00 19.34 8.46 0.15
301.05 0.00 19.34 8.46 0.15
300.85 0.00 19.34 8.41 0.15
300.66 0.00 19.34 8.46 0.15
300.39 0.00 19.34 8.55 0.15
300.18 0.00 19.34 8.55 0.15
299.95 0.00 19.34 8.67 0.15
299.73 0.00 19.34 8.67 0.15
299.57 0.00 19.34 8.67 0.15
299.42 0.00 19.34 8.67 0.15
299.31 0.00 19.34 8.67 0.15
299.25 0.00 19.34 8.82 0.15
299.22 0.00 20.24 8.99 0.15
299.22 0.00 20.24 9.19 0.15
299.17 0.00 20.24 9.46 0.15
299.19 0.00 20.24 9.77 0.15
299.19 0.00 20.24 10.10 0.15
299.16 0.00 20.24 10.47 0.15
299.24 0.00 20.24 10.88 0.15
299.23 0.00 20.97 11.29 0.15
299.25 0.00 20.97 11.74 0.15
299.30 0.00 21.57 11.74 0.15
299.34 0.00 22.01 11.74 0.15
299.33 0.00 22.25 12.08 0.15
299.31 0.00 22.33 12.08 0.15
299.33 0.00 22.26 12.08 0.15
299.29 0.00 22.06 12.33 0.15
299.36 0.00 21.76 12.33 0.15
299.39 0.00 21.32 12.33 0.26
299.38 0.00 20.79 12.33 0.26
299.34 0.00 20.16 12.33 0.26
299.33 0.00 19.47 12.33 0.26
299.32 0.00 18.73 12.60 0.26
299.24 0.00 17.91 12.60 0.26
299.31 0.00 17.01 12.60 0.26
299.25 0.00 16.10 12.88 0.26
299.22 0.00 15.12 12.88 0.26
299.19 0.00 14.13 13.16 0.26
299.12 0.00 13.13 13.16 0.26
299.07 0.00 12.13 13.16 0.26
299.06 0.00 11.11 13.46 0.26
299.02 0.00 10.10 13.76 0.26
298.98 0.00 9.12 14.07 0.26
298.94 0.00 8.18 14.38 0.26
298.94 0.00 7.22 14.70 0.26
298.88 0.00 6.34 14.70 0.26
298.88 0.00 5.49 14.70 0.26
298.87 0.00 4.70 14.70 0.26
298.87 0.00 4.70 14.70 0.26
298.84 0.00 3.96 14.70 0.26
298.84 0.00 3.96 14.70 0.26
298.84 0.00 3.96 14.93 0.26
298.76 0.00 3.96 14.93 0.26
298.77 0.00 3.96 15.05 0.26
298.72 0.00 3.96 15.10 0.26
298.68 0.00 3.96 15.10 0.26
298.69 0.00 3.96 15.06 0.26
298.65 0.00 3.36 14.98 0.26
298.62 0.00 3.36 14.98 0.26
298.58 0.00 2.89 14.98 0.26
298.57 0.00 2.52 14.95 0.26
298.54 0.00 2.24 14.95 0.26
298.49 0.00 2.09 14.95 0.26
298.44 0.00 2.05 14.88 0.26
298.37 0.00 2.10 14.88 0.26
298.28 0.00 2.28 14.88 0.26
298.24 0.00 2.57 14.88 0.26
298.16 0.00 2.96 14.88 0.26
298.04 0.00 3.39 14.88 0.26
298.02 0.00 3.90 14.87 0.26
297.95 0.00 4.48 14.87 0.26
297.84 0.00 5.17 14.90 0.26
297.81 0.00 5.86 14.90 0.26
297.74 0.00 6.64 14.90 0.26
297.62 0.00 7.41 14.90 0.26
297.60 0.00 8.21 14.97 0.26
297.57 0.00 9.05 14.97 0.26
297.51 0.00 9.87 14.97 0.26
297.48 0.00 10.68 14.97 0.26
297.47 0.00 11.47 14.97 0.26
297.44 0.00 12.30 14.97 0.26
297.44 0.00 13.06 14.97 0.26
297.41 0.00 13.82 14.97 0.26
297.44 0.00 14.52 14.97 0.26
297.44 0.00 15.23 14.97 0.26
297.46 0.00 15.89 15.08 0.26
297.48 0.00 15.89 15.08 0.26
297.52 0.00 16.51 15.08 0.26
297.54 0.00 16.51 15.22 0.26
297.60 0.00 16.51 15.39 0.26
297.66 0.00 16.51 15.62 0.26
297.72 0.00 16.51 15.87 0.26
297.77 0.00 17.01 16.14 0.26
297.79 0.00 17.01 16.45 0.26
297.79 0.00 17.39 16.78 0.26
297.79 0.00 17.69 16.78 0.26
297.78 0.00 17.85 17.02 0.26
297.73 0.00 17.91 17.02 0.26
297.76 0.00 17.82 17.02 0.26
297.69 0.00 17.65 17.18 0.26
297.65 0.00 17.42 17.27 0.26
297.60 0.00 17.13 17.27 0.26
297.64 0.00 16.82 17.27 0.26
297.58 0.00 16.82 17.27 0.26
297.52 0.00 16.82 17.40 0.26
297.41 0.00 16.82 17.47 0.26
297.31 0.00 16.61 17.44 0.39
297.22 0.00 16.46 17.44 0.39
297.16 0.00 16.42 17.46 0.39
297.06 0.00 16.44 17.46 0.39
296.99 0.00 16.49 17.52 0.39
296.97 0.00 16.63 17.52 0.39
296.88 0.00 16.80 17.52 0.39
296.82 0.00 16.80 17.52 0.39
296.83 0.00 16.90 17.61 0.39
296.82 0.00 16.90 17.74 0.39
296.79 0.00 16.90 17.90 0.39
296.78 0.00 16.90 18.09 0.39
296.73 0.00 16.94 18.29 0.39
296.68 0.00 16.93 18.29 0.39
296.68 0.00 16.88 18.42 0.39
296.66 0.00 16.79 18.42 0.39
296.56 0.00 16.66 18.50 0.39
296.55 0.00 16.51 18.50 0.39
296.51 0.00 16.51 18.50 0.39
296.43 0.00 16.51 18.51 0.39
296.35 0.00 16.51 18.44 0.56
296.30 0.00 16.51 18.33 0.56
296.21 0.00 16.42 18.19 0.56
296.19 0.00 16.42 18.19 0.56
296.16 0.00 16.39 18.19 0.56
296.14 0.00 16.39 18.19 0.56
296.09 0.00 16.41 18.19 0.56
296.08 0.00 16.47 18.19 0.56
296.02 0.00 16.56 18.11 0.56
296.02 0.00 16.69 18.11 0.56
296.00 0.00 16.85 18.09 0.56
296.00 0.00 17.04 18.09 0.56
296.07 0.00 17.04 18.11 0.56
296.14 0.00 17.24 18.11 0.56
296.17 0.00 17.24 18.18 0.56
296.21 0.00 17.24 18.18 0.56
296.29 0.00 17.24 18.28 0.56
296.30 0.00 17.24 18.28 0.56
296.35 0.00 17.24 18.42 0.56
296.40 0.00 17.24 18.58 0.56
296.44 0.00 17.24 18.58 0.56
296.43 0.00 17.37 18.58 0.56
296.50 0.00 17.37 18.68 0.56
296.51 0.00 17.37 18.68 0.56
296.57 0.00 17.44 18.68 0.56
296.56 0.00 17.44 18.68 0.56
296.57 0.00 17.46 18.68 0.56
296.53 0.00 17.39 18.72 0.56
296.57 0.00 17.39 18.72 0.56
296.50 0.00 17.39 18.72 0.56
296.49 0.00 17.39 18.70 0.56
296.48 0.00 17.37 18.65 0.56
296.45 0.00 17.37 18.65 0.56
296.44 0.00 17.37 18.56 0.56
296.43 0.00 17.37 18.56 0.56
296.38 0.00 17.37 18.56 0.56
296.33 0.00 17.37 18.43 0.56
296.31 0.00 17.37 18.43 0.56
296.26 0.00 17.39 18.43 0.56
296.27 0.00 17.39 18.43 0.56
296.27 0.00 17.39 18.37 0.56
296.28 0.00 17.39 18.37 0.56
296.26 0.00 17.46 18.37 0.56
296.29 0.00 17.46 18.37 0.56
296.32 0.00 17.46 18.37 0.56
296.29 0.00 17.46 18.37 0.56
296.32 0.00 17.46 18.36 0.56
296.35 0.00 17.46 18.36 0.56
296.35 0.00 17.46 18.39 0.56
296.37 0.00 17.46 18.39 0.56
296.37 0.00 17.48 18.47 0.56
296.39 0.00 17.48 18.47 0.56
296.41 0.00 17.48 18.47 0.56
296.43 0.00 17.48 18.47 0.56
296.45 0.00 17.48 18.47 0.56
296.47 0.00 17.48 18.58 0.56
296.46 0.00 17.48 18.58 0.56
296.43 0.00 17.48 18.58 0.56
296.42 0.00 17.48 18.58 0.56
296.42 0.00 17.48 18.58 0.56
296.39 0.00 17.48 18.58 0.56
296.41 0.00 17.48 18.63 0.56
296.38 0.00 17.48 18.63 0.56
296.35 0.00 17.48 18.63 0.56
296.31 0.00 17.48 18.72 0.56
296.31 0.00 17.48 18.72 0.56
296.29 0.00 17.48 18.72 0.56
296.29 0.00 17.48 18.72 0.56
296.29 0.00 17.48 18.72 0.56
296.25 0.00 17.48 18.72 0.56
296.21 0.00 17.48 18.72 0.56
296.19 0.00 17.48 18.72 0.56
296.18 0.00 17.48 18.72 0.56
296.17 0.00 17.48 18.84 0.56
296.13 0.00 17.48 18.84 0.56
296.10 0.00 17.48 18.84 0.56
296.04 0.00 17.48 18.84 0.56
295.97 0.00 17.48 18.84 0.56
295.85 0.00 17.48 18.84 0.56
295.74 0.00 17.48 18.84 0.56
295.71 0.00 17.48 18.84 0.56
295.65 0.00 17.48 18.84 0.56
295.77 0.00 17.48 18.84 0.56
295.86 0.00 17.53 18.84 0.56
295.87 0.00 17.53 18.84 0.56
295.80 0.00 17.53 18.91 0.56
295.82 0.00 17.53 18.91 0.56
295.68 0.00 17.53 18.92 0.56
295.54 0.00 17.53 18.92 0.56
295.40 0.00 17.53 18.92 0.56
295.29 0.00 17.53 18.92 0.56
295.15 0.00 17.53 18.92 0.56
295.09 0.00 17.53 18.92 0.56
295.03 0.00 17.53 18.92 0.56
294.95 0.00 17.53 18.92 0.56
294.90 0.00 17.53 18.92 0.56
294.90 0.00 17.53 18.92 0.56
294.85 0.00 17.53 18.92 0.56
294.88 0.00 17.53 18.92 0.56
294.91 0.00 17.53 18.92 0.56
294.89 0.00 17.53 18.92 0.56
295.06 0.00 17.53 18.92 0.66
295.37 0.00 17.53 18.92 0.66
295.55 0.00 17.53 18.92 0.66
295.82 0.00 17.53 18.92 0.66
296.00 0.00 17.53 18.92 0.66
296.20 0.00 17.53 18.92 0.66
296.35 0.00 17.53 18.92 0.66
296.57 0.00 17.53 18.92 0.66
296.72 0.00 17.53 18.88 0.66
296.91 0.00 17.53 18.88 0.66
297.07 0.00 17.53 18.88 0.66
297.21 0.00 17.53 18.88 0.66
297.32 0.00 17.53 18.88 0.66
297.45 0.00 17.53 18.80 0.66
297.52 0.00 17.53 18.80 0.66
297.66 0.00 17.53 18.80 0.66
297.73 0.00 17.53 18.78 0.66
297.81 0.00 17.53 18.78 0.66
297.90 0.00 17.53 18.81 0.66
297.99 0.00 17.53 18.81 0.66
298.00 0.00 17.53 18.81 0.66
298.08 0.00 17.53 18.79 0.66
298.10 0.00 17.53 18.79 0.66
298.18 0.00 17.53 18.79 0.66
298.15 0.00 17.53 18.72 0.66
298.24 0.00 17.53 18.72 0.66
298.28 0.00 17.53 18.62 0.66
298.34 0.00 17.53 18.62 0.66
298.45 0.00 17.53 18.49 0.66
298.50 0.00 17.53 18.33 0.66
298.52 0.00 17.53 18.33 0.66
298.56 0.00 17.53 18.14 0.66
298.58 0.00 17.53 18.14 0.66
298.60 0.00 17.53 17.93 0.66
298.61 0.00 17.53 17.93 0.66
298.65 0.00 17.53 17.93 0.66
298.64 0.00 17.53 17.93 0.66
298.65 0.00 17.53 17.93 0.66
298.66 0.00 17.53 17.93 0.66
298.65 0.00 17.53 17.93 0.66
298.69 0.00 17.53 17.93 0.66
298.70 0.00 17.53 17.93 0.66
298.63 0.00 17.53 17.93 0.66
298.64 0.00 17.53 17.93 0.66
298.66 0.00 17.53 17.93 0.66
298.64 0.00 17.53 17.93 0.66
298.68 0.00 17.53 17.93 0.66
298.71 0.00 17.53 17.93 0.66
298.75 0.00 17.53 17.93 0.66
298.73 0.00 17.53 17.93 0.66
298.73 0.00 17.53 17.93 0.66
298.76 0.00 17.53 17.93 0.66
298.77 0.00 17.53 17.93 0.66
298.79 0.00 17.53 17.93 0.66
298.77 0.00 17.53 17.93 0.66
298.78 0.00 17.53 17.93 0.66
298.83 0.00 17.53 17.93 0.66
298.80 0.00 17.53 17.93 0.66
298.83 0.00 17.53 17.93 0.66
298.83 0.00 17.53 17.93 0.66
298.83 0.00 17.53 17.93 0.66
298.83 0.00 17.53 17.93 0.66
298.85 0.00 17.53 17.93 0.66
298.87 0.00 17.53 17.93 0.66
298.87 0.00 17.53 17.93 0.66
298.89 0.00 17.53 17.93 0.66
298.89 0.00 17.53 17.93 0.66
298.86 0.00 17.53 17.93 0.66
298.88 0.00 17.53 17.93 0.66
298.87 0.00 17.53 17.93 0.66
298.87 0.00 17.53 17.93 0.66
298.87 0.00 17.53 17.93 0.66
298.86 0.00 17.53 17.71 0.66
298.84 0.00 17.53 17.71 0.66
298.91 0.00 17.53 17.71 0.66
298.90 0.00 17.53 17.71 0.66
298.92 0.00 17.53 17.71 0.66
298.91 0.00 17.53 17.71 0.66
298.96 0.00 17.53 17.71 0.66
298.90 0.00 17.53 17.71 0.66
298.92 0.00 17.53 17.71 0.66
298.91 0.00 17.53 17.71 0.66
298.98 0.00 17.53 17.71 0.66
298.97 0.00 17.53 17.71 0.66
298.98 0.00 17.53 17.71 0.66
298.92 0.00 17.53 17.71 0.66
298.96 0.00 17.53 17.71 0.66
298.93 0.00 17.53 17.71 0.66
298.97 0.00 17.53 17.71 0.66
298.98 0.00 17.53 17.71 0.66
299.02 0.00 17.53 17.71 0.66
298.96 0.00 17.53 17.71 0.66
298.97 0.00 17.53 17.71 0.66
298.99 0.00 17.53 17.71 0.66
