
13.44 0.00 0.70 0.35 6.33
13.08 0.00 0.70 0.35 6.33
13.08 0.00 0.70 0.35 6.33
13.44 0.00 0.70 0.35 6.33
13.08 0.00 0.70 0.35 6.33
13.08 0.00 0.70 0.35 5.98
13.08 0.00 0.70 0.35 5.98
13.08 0.00 0.70 0.35 5.98
13.08 0.00 0.70 0.35 5.98
13.08 0.00 0.70 0.35 5.98
13.08 0.00 0.70 0.35 5.98
12.73 0.00 0.70 0.35 6.33
13.08 0.00 0.70 0.70 6.33
13.08 0.00 0.70 0.70 6.33
13.44 0.00 0.70 0.70 6.33
13.08 0.00 0.70 0.70 6.33
13.08 0.00 0.70 0.70 5.98
13.44 0.00 0.70 0.70 5.98
13.08 0.00 0.70 0.70 5.98
13.44 0.00 0.70 0.70 5.98
13.44 0.00 0.70 0.70 5.98
13.08 0.00 0.70 0.70 5.98
13.44 0.00 0.70 0.70 5.98
13.08 0.00 0.70 0.35 5.98
13.44 0.00 0.70 0.35 5.98
13.08 0.00 0.70 0.35 6.33
13.08 0.00 0.70 0.35 6.33
13.08 0.00 0.70 0.35 6.33
12.73 0.00 0.70 0.70 6.33
13.08 0.00 0.70 0.70 6.33
13.08 0.00 0.70 0.70 6.33
13.08 0.00 0.70 0.70 6.33
13.08 0.00 0.70 0.70 6.33
13.08 0.00 0.70 0.70 6.33
13.08 0.00 0.70 0.70 6.33
13.44 0.00 0.70 0.70 6.33
13.08 0.00 0.70 0.70 6.33
13.08 0.00 0.70 0.70 6.33
13.44 0.00 0.70 0.70 6.33
13.44 0.00 0.70 0.70 6.68
13.44 0.00 0.70 0.70 6.68
12.38 0.00 0.70 0.70 6.68
13.08 0.00 0.70 0.70 6.68
13.08 0.00 0.70 0.70 6.68
13.08 0.00 0.70 0.70 6.68
13.08 0.00 0.70 0.70 6.68
13.08 0.00 0.70 0.70 6.68
12.73 0.00 0.70 0.70 6.33
12.73 0.00 0.70 0.70 6.33
13.44 0.00 0.70 0.70 6.33
12.73 0.00 0.70 0.70 6.33
13.44 0.00 0.70 1.05 6.33
13.08 0.00 0.70 1.05 6.33
13.08 0.00 0.70 1.05 6.33
13.44 0.00 0.70 1.05 6.33
13.08 0.00 0.70 1.05 6.33
13.08 0.00 0.70 1.05 6.33
13.08 0.00 0.70 1.05 6.33
13.44 0.00 0.70 1.05 6.33
13.08 0.00 0.70 1.05 6.33
13.08 0.00 0.70 1.05 6.33
13.08 0.00 0.70 1.05 6.33
13.08 0.00 0.70 1.05 6.33
13.08 0.00 0.70 1.05 6.33
13.08 0.00 0.70 1.05 6.33
13.08 0.00 0.70 1.05 6.33
13.08 0.00 0.70 1.05 6.33
13.44 0.00 0.70 1.05 6.33
13.08 0.00 0.70 1.05 6.33
13.08 0.00 0.70 1.05 6.33
13.44 0.00 0.70 1.05 6.33
13.44 0.00 0.70 1.05 6.33
13.08 0.00 0.70 1.05 6.68
13.44 0.00 0.70 1.05 6.68
13.44 0.00 0.70 1.05 6.68
13.44 0.00 0.70 1.05 6.68
13.44 0.00 0.70 1.05 6.68
13.44 0.00 0.70 0.70 6.68
13.08 0.00 0.70 0.70 6.68
13.08 0.00 0.70 0.70 6.68
13.79 0.00 0.70 0.70 6.68
13.44 0.00 0.70 0.70 6.68
13.08 0.00 0.70 0.70 6.68
13.44 0.00 0.70 0.70 6.68
13.08 0.00 0.70 0.70 6.68
13.08 0.00 0.70 0.70 6.68
13.08 0.00 0.70 0.70 6.68
13.08 0.00 0.70 1.05 6.68
13.44 0.00 0.70 1.05 6.68
13.44 0.00 0.70 1.05 6.68
13.44 0.00 0.70 1.05 6.68
13.08 0.00 0.70 1.05 6.68
13.08 0.00 0.70 1.05 6.68
13.08 0.00 0.70 1.05 6.68
13.08 0.00 0.70 0.70 6.68
13.44 0.00 0.70 0.70 6.68
13.08 0.00 0.70 0.70 6.68
13.08 0.00 0.70 0.70 6.68
13.08 0.00 0.70 0.70 6.68
13.08 0.00 0.70 0.70 6.68
13.44 0.00 0.70 0.70 6.68
13.08 0.00 0.70 0.70 6.68
13.44 0.00 0.70 0.70 6.68
13.44 0.00 0.70 0.70 6.68
13.08 0.00 0.70 0.70 6.68
12.73 0.00 0.70 0.70 6.68
13.08 0.00 0.70 0.70 6.68
13.08 0.00 0.70 0.70 6.68
13.08 0.00 0.70 0.35 6.68
13.08 0.00 0.70 0.35 6.68
13.44 0.00 0.70 0.35 7.03
13.08 0.00 0.70 0.35 7.03
13.44 0.00 0.70 0.35 7.03
13.79 0.00 0.70 0.35 7.03
13.44 0.00 0.70 0.35 7.03
12.73 0.00 0.70 0.35 7.03
13.08 0.00 0.70 0.35 7.03
13.08 0.00 0.70 0.35 7.03
13.08 0.00 0.70 0.00 6.68
13.08 0.00 0.70 0.00 6.68
13.44 0.00 0.70 0.00 6.68
13.08 0.00 0.70 0.00 6.68
13.08 0.00 0.70 0.00 6.68
13.08 0.00 0.70 0.00 6.68
13.08 0.00 0.70 0.00 6.68
13.08 0.00 0.70 0.00 6.68
13.08 0.00 0.70 0.00 6.68
13.08 0.00 0.70 0.00 6.68
13.08 0.00 0.70 0.00 6.68
13.44 0.00 0.70 0.00 6.68
13.08 0.00 0.70 0.00 6.68
13.44 0.00 0.70 0.00 6.68
13.08 0.00 0.70 0.00 6.68
13.44 0.00 0.70 0.00 6.68
13.08 0.00 0.70 0.00 6.68
13.08 0.00 0.70 0.00 6.68
13.08 0.00 0.70 0.00 6.68
13.08 0.00 0.70 0.00 6.68
13.08 0.00 0.70 0.00 7.03
13.08 0.00 0.70 0.00 7.03
13.08 0.00 0.70 0.00 7.03
13.08 0.00 0.70 0.00 7.03
13.08 0.00 0.70 0.00 7.03
13.08 0.00 0.70 0.00 7.03
13.08 0.00 0.70 0.00 7.03
13.08 0.00 0.70 0.00 7.03
13.79 0.00 0.70 0.00 6.68
13.44 0.00 0.70 0.00 6.68
13.44 0.00 0.70 0.00 6.68
13.44 0.00 0.70 0.00 6.33
13.44 0.00 0.70 0.00 6.33
13.08 0.00 0.70 0.00 6.33
13.08 0.00 0.70 0.00 6.33
13.44 0.00 0.70 0.00 6.33
13.08 0.00 0.70 0.00 6.33
13.08 0.00 0.70 0.00 6.33
13.44 0.00 0.70 0.00 6.33
13.08 0.00 0.70 0.00 6.33
13.08 0.00 0.70 0.00 6.33
13.44 0.00 0.70 0.35 6.33
13.08 0.00 0.70 0.35 6.33
13.44 0.00 0.70 0.35 6.33
13.44 0.00 0.70 0.35 6.33
13.08 0.00 0.70 0.35 6.33
13.08 0.00 0.70 0.35 6.33
13.08 0.00 0.70 0.35 6.68
13.44 0.00 0.70 0.35 6.68
13.44 0.00 0.70 0.35 6.68
13.79 0.00 0.70 0.35 6.68
13.44 0.00 0.70 0.35 6.68
13.44 0.00 0.70 0.35 6.68
13.79 0.00 0.70 0.35 6.68
12.73 0.00 0.70 0.35 6.68
13.79 0.00 0.70 0.35 6.68
13.44 0.00 0.70 0.35 6.68
13.44 0.00 0.70 0.35 6.68
13.79 0.00 0.70 0.35 6.33
13.79 0.00 0.70 0.35 6.33
13.08 0.00 0.70 0.35 6.33
13.08 0.00 0.70 0.35 6.33
13.08 0.00 0.70 0.35 6.33
13.44 0.00 0.70 0.35 6.33
13.08 0.00 0.70 0.35 6.33
13.44 0.00 0.70 0.35 6.33
13.08 0.00 0.70 0.35 6.33
13.44 0.00 0.70 0.35 6.33
13.44 0.00 0.70 0.35 5.98
13.08 0.00 0.70 0.35 5.98
13.08 0.00 0.70 0.35 5.98
13.08 0.00 0.70 0.35 5.98
13.08 0.00 0.70 0.35 5.98
13.08 0.00 0.70 0.35 5.98
13.08 0.00 0.70 0.35 5.98
13.08 0.00 0.70 0.35 5.98
13.44 0.00 0.70 0.35 6.33
13.08 0.00 0.70 0.35 6.33
13.08 0.00 0.70 0.35 6.33
13.44 0.00 0.70 0.35 6.33
13.44 0.00 0.70 0.35 6.33
13.44 0.00 0.70 0.35 6.33
13.44 0.00 0.70 0.35 5.98
13.44 0.00 0.70 0.35 5.98
13.08 0.00 0.70 0.35 5.98
13.08 0.00 0.70 0.35 5.98
13.08 0.00 0.70 0.35 5.98
13.08 0.00 0.70 0.35 5.98
13.08 0.00 0.70 0.35 6.33
13.08 0.00 0.70 0.35 6.33
13.08 0.00 0.70 0.35 6.33
13.79 0.00 0.70 0.35 6.33
13.08 0.00 0.70 0.35 6.33
13.79 0.00 0.70 0.70 6.33
13.44 0.00 0.70 0.70 6.33
13.44 0.00 0.70 0.70 6.33
13.44 0.00 0.70 0.70 6.33
13.08 0.00 0.70 0.70 6.33
13.08 0.00 0.70 0.70 6.33
13.08 0.00 0.70 0.70 6.33
13.08 0.00 0.70 0.70 6.33
13.08 0.00 0.70 0.70 6.33
13.08 0.00 0.70 0.35 6.33
13.08 0.00 0.70 0.35 6.33
13.44 0.00 0.70 0.35 6.33
13.44 0.00 0.70 0.35 6.33
13.08 0.00 0.70 0.35 6.33
13.08 0.00 0.70 0.35 6.33
13.08 0.00 0.70 0.35 6.33
13.08 0.00 0.70 0.35 6.33
13.08 0.00 0.70 0.35 6.33
13.08 0.00 0.70 0.35 6.33
13.08 0.00 0.70 0.35 5.98
13.08 0.00 0.70 0.35 5.98
12.73 0.00 0.70 0.35 5.98
13.08 0.00 0.70 0.00 5.98
13.44 0.00 0.70 0.00 5.98
13.08 0.00 0.70 0.00 5.98
13.08 0.00 0.70 0.00 5.98
13.08 0.00 0.70 0.00 5.98
13.08 0.00 0.70 0.00 5.98
13.44 0.00 0.70 0.00 5.98
13.44 0.00 0.70 0.00 5.98
13.08 0.00 0.70 0.00 5.98
13.08 0.00 0.70 0.00 5.98
13.44 0.00 0.70 0.00 5.98
13.08 0.00 0.70 0.00 6.33
13.44 0.00 0.70 0.00 6.33
13.44 0.00 0.70 0.00 6.33
13.44 0.00 0.70 0.35 6.33
13.08 0.00 0.70 0.35 6.33
13.08 0.00 0.70 0.35 6.33
13.08 0.00 0.70 0.35 6.33
13.08 0.00 0.70 0.35 6.33
12.73 0.00 0.70 0.35 6.33
13.08 0.00 0.70 0.35 6.33
13.44 0.00 0.70 0.35 6.33
13.44 0.00 0.70 0.35 6.68
13.44 0.00 0.70 0.35 6.68
13.08 0.00 0.70 0.35 6.68
13.08 0.00 0.70 0.35 6.68
13.79 0.00 0.70 0.35 6.68
13.08 0.00 0.70 0.35 6.68
13.79 0.00 0.70 0.35 6.68
13.08 0.00 0.70 0.35 7.03
13.08 0.00 0.70 0.35 7.03
13.08 0.00 0.70 0.35 7.03
13.08 0.00 0.70 0.35 7.03
13.08 0.00 0.70 0.35 7.03
13.44 0.00 0.70 0.35 7.03
13.44 0.00 0.70 0.35 7.03
13.08 0.00 0.70 0.35 7.03
13.44 0.00 0.70 0.35 7.03
12.73 0.00 0.70 0.35 7.03
13.79 0.00 0.70 0.70 7.03
13.44 0.00 0.70 0.70 7.03
13.44 0.00 0.70 0.70 7.03
13.44 0.00 0.70 0.70 7.38
13.44 0.00 0.70 0.70 7.38
13.08 0.00 0.70 0.70 7.38
13.08 0.00 0.70 0.70 7.38
13.08 0.00 0.70 0.70 7.38
13.44 0.00 0.70 0.70 7.38
13.08 0.00 0.70 0.70 7.38
13.44 0.00 0.70 0.70 7.38
13.44 0.00 0.70 0.70 7.38
13.08 0.00 0.70 0.70 7.38
13.08 0.00 0.70 0.70 7.38
13.44 0.00 0.70 0.70 7.38
13.08 0.00 0.70 0.70 7.73
13.44 0.00 0.70 0.70 7.73
13.44 0.00 0.70 0.70 7.73
13.08 0.00 0.70 0.70 7.73
13.44 0.00 0.70 0.70 7.73
13.08 0.00 0.70 0.70 7.73
13.08 0.00 0.70 0.70 7.38
13.44 0.00 0.70 0.70 7.38
13.08 0.00 0.70 0.70 7.38
13.08 0.00 0.70 0.70 7.38
13.44 0.00 0.70 0.70 7.38
13.08 0.00 0.70 0.70 7.38
13.44 0.00 0.70 0.70 7.38
13.08 0.00 0.70 0.70 7.73
13.79 0.00 0.70 0.70 7.73
13.08 0.00 0.70 0.70 7.73
13.08 0.00 0.70 0.70 7.73
13.79 0.00 0.70 0.70 7.73
13.08 0.00 0.70 0.70 7.73
13.44 0.00 0.70 0.70 7.73
13.79 0.00 0.70 0.70 7.73
13.08 0.00 0.70 0.70 7.73
13.08 0.00 0.70 0.70 7.73
13.44 0.00 0.70 0.70 7.73
13.44 0.00 0.70 0.70 7.73
13.08 0.00 0.70 0.70 7.73
13.08 0.00 0.70 0.70 7.73
13.08 0.00 0.70 0.70 8.09
13.44 0.00 0.70 0.70 8.09
12.73 0.00 0.70 0.70 8.09
13.44 0.00 0.70 0.70 8.09
13.08 0.00 0.70 0.70 8.09
13.44 0.00 0.70 0.70 8.09
13.08 0.00 0.70 0.70 8.09
13.44 0.00 0.70 0.70 7.73
13.08 0.00 0.70 0.70 7.73
13.44 0.00 0.70 1.05 7.73
13.08 0.00 0.70 1.05 7.38
13.08 0.00 0.70 1.05 7.38
13.79 0.00 0.70 1.05 7.38
13.08 0.00 0.70 1.05 7.38
12.73 0.00 0.70 1.05 7.38
13.44 0.00 0.70 1.05 7.73
13.79 0.00 0.70 1.05 7.73
13.44 0.00 0.70 1.05 7.73
13.08 0.00 0.70 1.05 7.73
13.44 0.00 0.70 1.05 7.73
13.08 0.00 0.70 1.05 7.73
13.08 0.00 0.70 1.05 7.38
13.44 0.00 0.70 1.05 7.38
13.44 0.00 0.70 1.05 7.38
13.44 0.00 0.70 1.05 7.38
13.44 0.00 0.70 1.05 7.38
13.08 0.00 0.70 1.05 7.38
13.08 0.00 0.70 1.05 7.38
13.44 0.00 0.70 1.05 7.38
13.08 0.00 0.70 1.05 7.38
13.08 0.00 0.70 1.05 7.38
13.44 0.00 0.70 1.05 7.73
13.44 0.00 0.70 1.05 7.73
13.08 0.00 0.70 1.05 7.73
13.08 0.00 0.70 1.05 7.73
13.44 0.00 0.70 1.05 7.73
13.79 0.00 0.70 1.05 7.73
13.79 0.00 0.70 1.05 7.73
13.44 0.00 0.70 1.05 7.73
13.08 0.00 0.70 1.05 7.73
13.79 0.00 0.70 1.05 7.73
13.79 0.00 0.70 1.05 7.38
13.44 0.00 0.70 1.05 7.38
13.08 0.00 0.70 1.05 7.38
13.08 0.00 0.70 1.05 7.38
13.79 0.00 0.70 1.05 7.38
13.44 0.00 0.70 1.05 7.38
12.73 0.00 0.70 1.05 7.38
12.73 0.00 0.70 1.05 7.38
13.08 0.00 0.70 1.05 7.38
13.08 0.00 0.70 1.05 7.38
13.08 0.00 0.70 1.05 7.38
13.08 0.00 0.70 1.05 7.38
13.08 0.00 0.70 1.05 7.38
12.73 0.00 0.70 1.05 7.38
13.08 0.00 0.70 1.05 7.38
13.08 0.00 0.70 1.05 7.73
13.08 0.00 0.70 1.05 7.73
13.44 0.00 0.70 1.05 7.73
13.08 0.00 0.70 1.05 7.73
13.08 0.00 0.70 1.05 7.73
13.08 0.00 0.70 1.05 7.73
13.08 0.00 0.70 1.05 7.73
13.08 0.00 0.70 1.41 7.73
13.08 0.00 0.70 1.41 7.73
13.44 0.00 0.70 1.41 7.73
13.44 0.00 0.70 1.41 7.73
13.44 0.00 0.70 1.41 7.73
13.08 0.00 0.70 1.41 7.73
13.08 0.00 0.70 1.41 7.38
13.44 0.00 0.70 1.41 7.38
13.44 0.00 0.70 1.41 7.38
13.44 0.00 0.70 1.41 7.38
13.08 0.00 0.70 1.76 7.38
13.08 0.00 0.70 1.76 7.38
13.08 0.00 0.70 1.76 7.73
13.44 0.00 0.70 1.76 7.73
13.44 0.00 0.70 1.76 7.73
13.44 0.00 0.70 1.76 7.73
13.08 0.00 0.70 1.76 7.73
13.08 0.00 0.70 1.76 7.73
13.08 0.00 0.70 1.76 7.73
13.44 0.00 0.70 1.76 7.73
13.08 0.00 0.70 1.76 7.73
13.44 0.00 0.70 1.76 7.73
13.44 0.00 0.70 1.76 7.73
13.44 0.00 0.70 1.76 7.73
13.08 0.00 0.70 1.76 7.73
13.44 0.00 0.70 1.76 7.73
13.44 0.00 0.70 1.76 7.73
13.08 0.00 0.70 1.76 7.73
13.08 0.00 0.70 1.76 7.73
13.08 0.00 0.70 1.76 7.73
13.08 0.00 0.70 1.76 7.73
13.08 0.00 0.70 1.76 7.73
13.08 0.00 0.70 1.76 7.73
13.08 0.00 0.70 1.76 7.73
13.44 0.00 0.70 1.76 7.73
13.08 0.00 0.70 1.76 7.73
13.79 0.00 0.70 1.76 7.73
13.08 0.00 0.70 1.76 7.73
13.08 0.00 0.70 1.76 8.09
13.08 0.00 0.70 1.76 8.09
13.08 0.00 0.70 1.76 8.09
13.08 0.00 0.70 1.76 8.09
13.08 0.00 0.70 1.76 8.09
13.08 0.00 0.70 1.76 8.09
13.08 0.00 0.70 1.41 8.09
13.44 0.00 0.70 1.41 8.09
13.44 0.00 0.70 1.41 7.73
13.44 0.00 0.70 1.41 7.73
13.44 0.00 0.70 1.41 7.73
13.44 0.00 0.70 1.41 7.73
13.08 0.00 0.70 1.41 7.73
13.08 0.00 0.70 1.41 7.73
13.08 0.00 0.70 1.41 7.38
13.79 0.00 0.70 1.41 7.38
13.44 0.00 0.70 1.41 7.38
13.44 0.00 0.70 1.41 7.38
13.08 0.00 0.70 1.05 7.38
13.44 0.00 0.70 1.05 7.38
13.08 0.00 0.70 1.05 7.38
12.73 0.00 0.70 1.05 7.38
13.08 0.00 0.70 1.05 7.03
13.44 0.00 0.70 1.05 7.03
13.08 0.00 0.70 1.05 7.03
13.44 0.00 0.70 1.05 7.03
13.08 0.00 0.70 1.05 7.03
13.44 0.00 0.70 1.05 7.03
13.08 0.00 0.70 1.05 7.03
13.08 0.00 0.70 1.05 7.03
13.79 0.00 0.70 1.41 7.38
13.08 0.00 0.70 1.41 7.38
12.73 0.00 0.70 1.41 7.38
13.44 0.00 0.70 1.41 7.38
13.44 0.00 0.70 1.41 7.38
13.08 0.00 0.70 1.41 7.38
13.44 0.00 0.70 1.41 7.38
12.73 0.00 0.70 1.41 7.38
13.44 0.00 0.70 1.76 7.38
13.44 0.00 0.70 1.76 7.38
12.73 0.00 0.70 1.76 7.38
13.08 0.00 0.70 1.76 7.38
13.08 0.00 0.70 1.76 7.38
13.08 0.00 0.70 1.76 7.38
13.44 0.00 0.70 1.76 7.38
13.08 0.00 0.70 1.76 7.38
13.44 0.00 0.70 1.76 7.38
13.44 0.00 0.70 1.76 7.38
13.08 0.00 0.70 1.76 7.73
13.08 0.00 0.70 1.76 7.73
13.44 0.00 0.70 1.76 7.73
13.44 0.00 0.70 1.76 7.73
13.44 0.00 0.70 1.76 7.73
13.44 0.00 0.70 1.76 7.73
13.08 0.00 0.70 1.76 8.09
13.44 0.00 0.70 1.76 8.09
13.44 0.00 0.70 1.76 8.09
13.44 0.00 0.70 1.76 8.09
13.08 0.00 0.70 1.76 8.09
13.08 0.00 0.70 1.76 8.09
13.08 0.00 0.70 1.76 8.09
13.08 0.00 0.70 1.76 8.09
13.08 0.00 0.70 1.76 8.09
13.08 0.00 0.70 1.76 8.09
13.08 0.00 0.70 1.76 8.09
13.08 0.00 0.70 1.76 8.09
13.44 0.00 0.70 1.76 8.09
13.44 0.00 0.70 1.76 8.09
13.44 0.00 0.70 1.76 8.09
13.44 0.00 0.70 1.76 8.09
13.08 0.00 0.70 1.76 8.09
13.79 0.00 0.70 1.76 7.73
12.73 0.00 0.70 1.76 7.73
13.44 0.00 0.70 1.76 7.73
13.08 0.00 0.70 1.76 7.73
13.08 0.00 0.70 1.76 7.73
13.44 0.00 0.70 1.76 7.73
13.08 0.00 0.70 1.76 7.73
13.08 0.00 0.70 1.76 8.09
13.08 0.00 0.70 1.76 8.09
13.79 0.00 0.70 1.76 8.09
13.79 0.00 0.70 1.76 8.09
13.08 0.00 0.70 2.11 8.09
13.44 0.00 0.70 2.11 8.09
13.08 0.00 0.70 2.11 8.09
13.44 0.00 0.70 2.11 8.09
13.08 0.00 0.70 2.11 8.09
13.44 0.00 0.70 2.11 8.09
13.08 0.00 0.70 2.11 8.09
13.08 0.00 0.70 2.11 8.09
13.08 0.00 0.70 2.11 8.09
13.08 0.00 0.70 2.11 8.09
13.44 0.00 0.70 2.11 8.09
13.44 0.00 0.70 2.11 8.09
13.44 0.00 0.70 2.11 8.44
13.08 0.00 0.70 2.11 8.44
13.79 0.00 0.70 2.11 8.44
13.44 0.00 0.70 2.11 8.44
13.08 0.00 0.70 2.11 8.44
13.08 0.00 0.70 2.11 8.44
13.08 0.00 0.70 2.11 8.44
13.08 0.00 0.70 2.11 8.44
13.08 0.00 0.70 2.11 8.44
13.08 0.00 0.70 2.11 8.44
13.44 0.00 0.70 2.11 8.09
13.44 0.00 0.70 2.46 8.09
13.44 0.00 0.70 2.46 8.09
13.08 0.00 0.70 2.46 8.09
13.44 0.00 0.70 2.46 8.09
13.44 0.00 0.70 2.46 8.09
13.08 0.00 0.70 2.46 8.09
13.08 0.00 0.70 2.46 7.73
13.79 0.00 0.70 2.46 7.73
13.08 0.00 0.70 2.46 7.73
13.44 0.00 0.70 2.46 7.73
13.08 0.00 0.70 2.46 7.73
13.44 0.00 0.70 2.46 7.73
13.08 0.00 0.70 2.46 7.73
13.44 0.00 0.70 2.46 7.73
13.08 0.00 0.70 2.46 7.73
13.44 0.00 0.70 2.81 8.09
13.08 0.00 0.70 2.81 8.09
13.08 0.00 0.70 2.81 8.44
13.44 0.00 0.70 2.81 8.44
13.79 0.00 0.70 2.81 8.44
13.08 0.00 0.70 2.81 8.44
13.44 0.00 0.70 2.81 8.44
13.08 0.00 0.70 2.81 8.44
13.44 0.00 0.70 2.81 8.44
13.08 0.00 0.70 2.81 8.44
13.08 0.00 0.70 2.81 8.44
13.08 0.00 0.70 2.81 8.44
13.79 0.00 0.70 2.81 8.44
13.44 0.00 0.70 2.81 8.44
13.44 0.00 0.70 2.81 8.44
13.44 0.00 0.70 2.81 8.44
13.08 0.00 0.70 2.81 8.44
13.08 0.00 0.70 2.81 8.44
13.08 0.00 0.70 2.81 8.44
13.08 0.00 0.70 2.81 8.44
13.08 0.00 0.70 2.81 8.44
13.44 0.00 0.70 2.81 8.44
13.08 0.00 0.70 2.81 8.79
13.08 0.00 0.70 2.81 8.79
13.44 0.00 0.70 2.81 8.79
13.79 0.00 0.70 2.81 8.79
13.08 0.00 0.70 2.81 8.79
13.08 0.00 0.70 2.81 8.79
13.08 0.00 0.70 2.81 8.79
13.44 0.00 0.70 2.81 8.79
13.44 0.00 0.70 2.81 8.44
13.44 0.00 0.70 2.81 8.44
13.08 0.00 0.70 2.81 8.44
13.44 0.00 0.70 2.81 8.44
13.08 0.00 1.05 2.81 8.44
13.44 0.00 1.05 2.46 8.44
13.44 0.00 1.05 2.46 8.44
13.08 0.00 1.05 2.46 8.44
13.44 0.00 1.05 2.11 8.44
13.44 0.00 1.05 2.11 8.44
13.79 0.00 1.05 2.11 8.44
13.08 0.00 1.05 2.11 8.44
13.08 0.00 1.05 2.46 8.44
13.44 0.00 1.05 2.46 8.09
13.44 0.00 1.05 2.81 8.09
13.08 0.00 1.05 2.81 8.09
13.79 0.00 1.05 2.81 7.73
13.44 0.00 1.05 2.46 7.38
13.44 0.00 1.05 2.46 7.38
13.79 0.00 1.05 2.46 7.03
13.44 0.00 1.05 2.11 7.03
13.44 0.00 1.05 2.11 7.03
13.79 0.00 1.05 1.76 6.68
13.44 0.00 1.05 1.76 6.68
13.44 0.00 1.05 1.76 6.33
13.79 0.00 1.05 2.11 6.33
14.15 0.00 1.05 2.11 6.33
13.79 0.00 1.05 2.11 5.98
13.79 0.00 1.05 2.46 5.98
13.79 0.00 1.05 2.46 5.63
14.50 0.00 1.05 2.46 5.27
13.79 0.00 1.05 2.46 5.27
14.15 0.00 1.05 2.46 5.27
14.15 0.00 1.05 2.46 5.27
14.50 0.00 1.05 2.46 5.27
14.50 0.00 1.05 2.46 5.27
14.50 0.00 1.05 2.11 5.27
14.50 0.00 1.05 2.11 5.63
14.85 0.00 1.05 2.11 5.63
14.85 0.00 1.05 2.11 5.98
14.50 0.00 1.05 2.11 5.98
14.85 0.00 1.05 2.11 5.98
14.50 0.00 1.05 2.11 5.98
14.50 0.00 1.05 2.11 5.98
14.50 0.00 1.05 1.76 5.98
14.50 0.00 1.05 1.76 5.98
14.50 0.00 1.05 1.76 5.98
14.50 0.00 1.05 1.76 5.98
14.50 0.00 1.05 1.76 5.98
14.50 0.00 1.05 2.11 5.98
14.15 0.00 1.05 2.11 5.98
14.15 0.00 1.05 2.11 5.98
14.50 0.00 1.05 2.11 5.98
14.50 0.00 1.05 2.11 5.98
14.50 0.00 1.05 2.11 5.98
14.50 0.00 1.05 2.11 5.98
14.50 0.00 1.05 2.11 5.63
14.50 0.00 1.05 2.11 5.63
14.85 0.00 1.05 1.76 5.63
14.15 0.00 1.05 1.76 5.63
14.50 0.00 1.05 1.76 5.27
14.50 0.00 1.05 1.76 5.27
14.15 0.00 1.05 2.11 5.27
14.85 0.00 1.05 2.11 4.92
14.15 0.00 1.05 1.76 4.92
14.15 0.00 1.05 1.76 4.92
14.50 0.00 1.05 1.76 4.57
14.50 0.00 1.05 1.76 4.57
14.50 0.00 1.05 2.11 4.57
14.85 0.00 1.05 2.11 4.22
14.50 0.00 1.05 2.11 4.22
14.15 0.00 1.05 2.11 4.22
14.15 0.00 1.05 2.11 4.22

