33.24 0.00 3.16 15.12 8.44
33.60 0.00 3.16 15.12 8.44
33.60 0.00 3.16 14.77 8.44
33.60 0.00 3.16 14.77 8.79
33.60 0.00 3.16 14.77 8.79
33.60 0.00 3.16 14.77 8.79
33.24 0.00 3.16 14.77 9.14
33.60 0.00 3.16 14.77 9.14
33.95 0.00 3.16 14.77 9.14
33.60 0.00 3.16 14.77 9.14
33.24 0.00 3.16 14.77 9.14
33.24 0.00 3.16 14.77 9.14
33.24 0.00 3.16 14.77 9.14
33.95 0.00 3.16 14.77 9.14
33.60 0.00 3.16 14.77 9.14
33.60 0.00 3.16 14.77 9.49
33.95 0.00 3.16 14.77 9.49
33.95 0.00 3.16 14.77 9.49
33.24 0.00 3.16 14.77 9.49
33.60 0.00 3.16 14.77 9.49
33.95 0.00 3.16 15.12 9.49
33.60 0.00 3.16 15.12 9.49
33.24 0.00 3.16 15.12 9.49
33.95 0.00 3.16 15.12 9.84
33.95 0.00 3.16 15.47 9.84
33.95 0.00 3.16 15.47 9.84
33.95 0.00 3.16 15.47 9.84
33.60 0.00 3.16 15.47 9.84
33.24 0.00 3.16 15.47 9.84
33.24 0.00 3.16 15.47 9.84
33.60 0.00 3.16 15.47 9.84
33.60 0.00 3.16 15.47 9.84
33.60 0.00 3.16 15.12 9.84
33.60 0.00 3.16 15.12 10.20
33.60 0.00 3.16 15.12 10.20
33.24 0.00 3.16 15.12 10.20
33.60 0.00 3.16 15.12 10.20
33.24 0.00 3.16 15.12 10.20
33.95 0.00 3.16 15.12 10.20
33.24 0.00 3.16 15.12 10.20
33.60 0.00 3.16 15.12 10.20
33.60 0.00 3.16 15.12 10.20
33.60 0.00 3.16 15.12 10.20
33.60 0.00 3.16 15.12 10.20
33.60 0.00 3.16 15.12 10.20
33.60 0.00 3.16 15.47 10.20
33.60 0.00 3.16 15.47 10.20
33.60 0.00 3.16 15.47 10.20
33.60 0.00 3.16 15.47 10.20
33.24 0.00 3.16 15.47 9.84
33.60 0.00 3.16 15.47 9.84
33.60 0.00 3.16 15.47 9.84
33.60 0.00 3.16 15.47 9.84
33.95 0.00 3.16 15.82 9.84
33.60 0.00 3.16 15.82 9.84
33.95 0.00 3.16 15.82 9.84
33.60 0.00 3.16 15.82 9.84
33.95 0.00 3.16 15.82 9.84
33.60 0.00 3.16 15.82 9.84
33.24 0.00 3.16 15.82 9.84
33.60 0.00 3.16 15.82 9.84
33.95 0.00 3.16 15.82 9.84
33.60 0.00 3.16 15.82 9.84
33.60 0.00 3.16 15.82 9.49
33.60 0.00 3.16 15.82 9.49
33.60 0.00 3.16 15.82 9.49
33.95 0.00 3.16 15.82 9.49
33.60 0.00 3.16 15.82 9.84
33.60 0.00 3.16 15.82 9.84
33.95 0.00 3.16 16.17 9.84
33.95 0.00 3.16 16.17 9.84
33.95 0.00 3.16 16.17 9.84
34.30 0.00 3.16 16.17 10.20
35.01 0.00 3.16 16.17 10.20
34.66 0.00 3.16 16.17 10.20
35.01 0.00 3.16 16.17 10.20
35.01 0.00 3.16 16.17 10.20
34.66 0.00 3.16 16.17 10.20
34.66 0.00 3.16 16.17 9.84
35.01 0.00 3.16 16.17 9.49
34.66 0.00 3.16 16.17 9.49
35.01 0.00 3.16 16.17 9.14
35.01 0.00 3.16 16.17 9.14
35.01 0.00 3.16 16.17 8.79
34.66 0.00 3.16 16.52 8.79
35.01 0.00 3.16 16.52 8.79
35.01 0.00 3.16 16.52 8.79
34.66 0.00 3.16 16.52 8.79
35.01 0.00 3.16 16.52 9.14
36.42 0.00 3.16 16.52 9.14
37.13 0.00 3.16 16.52 9.49
40.31 0.00 3.16 16.52 9.49
43.50 0.00 3.16 16.52 9.49
43.85 0.00 3.16 16.52 9.49
43.85 0.00 3.16 16.17 9.49
43.14 0.00 3.16 15.82 9.49
43.14 0.00 3.16 15.82 9.49
42.79 0.00 3.16 15.47 9.49
42.79 0.00 3.16 15.47 9.49
42.79 0.00 3.16 15.12 9.49
42.44 0.00 3.16 15.12 9.84
42.44 0.00 3.16 15.12 9.84
42.79 0.00 3.16 15.12 9.84
42.79 0.00 3.16 15.12 9.84
42.79 0.00 3.16 15.12 9.84
42.79 0.00 3.16 14.77 9.84
43.14 0.00 3.16 14.77 9.84
42.79 0.00 3.16 14.77 9.84
42.79 0.00 3.16 15.12 9.84
43.14 0.00 3.16 15.12 10.20
42.79 0.00 3.16 15.12 10.20
42.79 0.00 3.16 15.47 10.20
42.44 0.00 3.16 15.47 10.20
42.08 0.00 3.16 15.47 10.20
41.73 0.00 3.16 15.47 10.20
39.96 0.00 3.16 15.47 10.20
39.25 0.00 3.16 15.47 10.20
38.55 0.00 3.16 15.47 10.20
37.49 0.00 3.16 15.47 9.84
36.78 0.00 3.16 15.47 9.84
36.07 0.00 3.16 15.47 9.49
36.42 0.00 3.16 15.47 9.49
36.42 0.00 3.16 15.47 9.49
36.07 0.00 3.16 15.47 9.49
36.42 0.00 3.16 15.47 9.84
36.42 0.00 3.16 15.12 9.84
36.42 0.00 3.16 15.12 9.84
36.07 0.00 3.16 15.12 9.84
35.72 0.00 3.16 15.12 9.84
35.36 0.00 3.16 15.12 9.84
35.36 0.00 3.16 15.12 9.84
36.07 0.00 3.16 15.12 9.49
35.36 0.00 3.16 15.12 9.49
35.72 0.00 3.16 15.12 9.49
34.66 0.00 3.16 15.12 9.14
35.01 0.00 3.16 15.12 9.14
34.66 0.00 3.16 15.12 9.14
35.01 0.00 3.16 15.12 9.14
35.01 0.00 3.16 15.12 9.14
35.01 0.00 3.16 15.12 9.14
34.66 0.00 3.16 15.47 9.14
35.01 0.00 3.16 15.47 9.49
34.66 0.00 3.16 15.47 9.49
35.01 0.00 3.16 15.47 9.49
35.01 0.00 3.16 15.47 9.49
35.01 0.00 3.16 15.47 9.49
35.01 0.00 3.16 15.47 9.84
34.66 0.00 3.16 15.47 9.84
34.66 0.00 3.16 15.47 9.84
35.36 0.00 3.16 15.47 9.84
35.01 0.00 3.16 15.47 9.84
35.01 0.00 3.16 15.47 10.20
35.01 0.00 3.16 15.47 10.20
35.01 0.00 3.16 15.47 10.20
35.01 0.00 3.16 15.47 10.20
35.01 0.00 3.16 15.47 10.20
35.01 0.00 3.16 15.47 10.20
35.36 0.00 3.16 15.47 10.20
35.01 0.00 3.16 15.47 10.20
35.01 0.00 3.16 15.47 10.20
35.01 0.00 3.16 15.47 10.20
35.36 0.00 3.16 15.47 10.20
34.66 0.00 3.16 15.47 10.20
35.01 0.00 3.16 15.47 10.20
34.66 0.00 3.16 15.47 10.20
35.01 0.00 3.16 15.47 10.55
35.01 0.00 3.16 15.47 10.55
35.01 0.00 3.16 15.47 10.55
35.36 0.00 3.16 15.47 10.55
35.01 0.00 3.16 15.47 10.55
35.01 0.00 3.16 15.47 10.55
35.36 0.00 3.16 15.47 10.55
35.01 0.00 3.16 15.47 10.55
35.01 0.00 3.16 15.47 10.55
35.01 0.00 3.16 15.47 10.55
35.01 0.00 3.16 15.12 10.55
35.01 0.00 3.16 15.12 10.55
35.01 0.00 3.16 15.12 10.55
35.01 0.00 3.16 15.12 10.55
35.01 0.00 3.16 15.12 10.55
35.36 0.00 3.16 15.12 10.55
35.01 0.00 3.16 15.12 10.55
34.66 0.00 3.16 15.12 10.55
35.01 0.00 3.16 15.12 10.55
35.01 0.00 3.16 15.12 10.55
35.01 0.00 3.16 15.12 10.55
35.01 0.00 3.16 15.12 10.20
35.01 0.00 3.16 15.12 10.20
35.01 0.00 3.16 15.12 10.20
35.01 0.00 3.16 15.12 10.20
35.36 0.00 3.16 15.12 10.20
35.01 0.00 3.16 15.12 10.55
35.36 0.00 3.16 15.12 10.55
35.01 0.00 3.16 14.77 10.55
35.36 0.00 3.16 14.77 10.55
35.36 0.00 3.16 14.77 10.55
35.01 0.00 3.16 14.77 10.55
35.01 0.00 3.16 14.77 10.55
35.01 0.00 3.16 14.77 10.55
35.01 0.00 3.16 14.77 10.55
35.01 0.00 3.16 14.77 10.20
35.36 0.00 3.16 14.77 10.20
35.36 0.00 3.16 14.77 10.20
34.66 0.00 3.16 14.77 10.20
35.01 0.00 3.16 14.41 10.20
35.36 0.00 3.16 14.41 9.84
35.01 0.00 3.16 14.41 9.84
35.36 0.00 3.16 14.41 9.84
35.36 0.00 3.16 14.41 9.84
35.01 0.00 3.16 14.41 9.84
35.01 0.00 3.16 14.41 9.84
35.01 0.00 3.16 14.41 9.84
35.36 0.00 3.16 14.41 9.84
34.66 0.00 3.16 14.41 9.84
35.36 0.00 3.16 14.41 9.84
35.36 0.00 3.16 14.41 9.84
35.01 0.00 3.16 14.41 9.84
35.01 0.00 3.16 14.41 9.84
35.01 0.00 3.16 14.41 9.84
35.36 0.00 3.16 14.41 9.84
35.01 0.00 3.16 14.41 9.84
35.72 0.00 3.16 14.41 9.84
35.36 0.00 3.16 14.41 9.84
35.36 0.00 3.16 14.77 9.84
34.66 0.00 3.16 14.77 9.84
35.01 0.00 3.16 14.77 9.84
35.01 0.00 3.16 14.77 9.84
35.36 0.00 3.16 14.77 9.84
35.36 0.00 3.16 14.77 9.49
35.01 0.00 3.16 14.77 9.49
35.01 0.00 3.16 14.77 9.49
35.36 0.00 3.16 14.77 9.49
35.36 0.00 3.16 14.77 9.49
35.01 0.00 3.16 14.77 9.49
35.36 0.00 3.16 14.77 9.49
35.36 0.00 3.16 14.77 9.49
35.36 0.00 3.16 14.77 9.49
35.36 0.00 3.16 14.77 9.49
35.36 0.00 3.16 14.77 9.49
35.36 0.00 3.16 14.77 9.49
35.36 0.00 3.16 14.77 9.49
35.01 0.00 3.16 14.77 9.49
35.01 0.00 3.16 14.77 9.49
35.36 0.00 3.16 14.77 9.49
35.36 0.00 3.16 14.77 9.49
35.36 0.00 3.16 15.12 9.49
36.07 0.00 3.16 15.12 9.14
35.72 0.00 3.16 15.12 9.14
35.72 0.00 3.16 15.12 9.14
36.07 0.00 3.16 15.12 9.14
35.72 0.00 3.16 15.12 9.14
35.36 0.00 3.16 15.12 9.14
35.36 0.00 3.16 15.12 9.14
35.72 0.00 3.16 15.12 9.14
35.36 0.00 3.16 15.12 9.14
35.36 0.00 3.16 15.12 9.14
35.36 0.00 3.16 15.12 9.14
35.72 0.00 3.16 15.12 9.14
35.72 0.00 3.16 15.12 9.14
35.72 0.00 3.16 15.12 9.14
35.36 0.00 3.16 15.12 9.14
35.72 0.00 3.16 15.12 9.14
35.36 0.00 3.16 15.12 9.14
35.36 0.00 3.16 14.77 9.49
35.36 0.00 3.16 14.77 9.49
35.72 0.00 3.16 14.77 9.49
35.36 0.00 3.16 14.77 9.49
35.72 0.00 3.16 14.77 9.49
35.72 0.00 3.16 14.77 9.49
35.72 0.00 3.16 14.77 9.49
35.72 0.00 3.16 14.77 9.49
35.72 0.00 3.16 14.77 9.49
35.36 0.00 3.16 14.41 9.49
35.36 0.00 3.16 14.41 9.49
35.72 0.00 3.16 14.41 9.49
35.72 0.00 3.16 14.41 9.49
35.72 0.00 3.16 14.41 9.49
35.36 0.00 3.16 14.41 9.49
35.36 0.00 3.16 14.41 9.14
35.36 0.00 3.16 14.41 9.14
35.36 0.00 3.16 14.41 9.14
35.72 0.00 3.16 14.41 9.14
34.66 0.00 3.16 14.41 9.14
35.72 0.00 3.16 14.41 9.49
35.36 0.00 3.16 14.41 9.49
35.01 0.00 3.16 14.41 9.49
35.72 0.00 3.16 14.41 9.49
35.36 0.00 3.16 14.41 9.49
35.01 0.00 3.16 14.41 9.49
35.72 0.00 3.16 14.41 9.49
35.36 0.00 3.16 14.41 9.49
35.36 0.00 3.16 14.41 9.84
35.72 0.00 3.16 14.41 9.84
35.36 0.00 3.16 14.41 9.84
35.01 0.00 3.16 14.41 9.84
35.72 0.00 3.16 14.41 10.20
35.01 0.00 3.16 14.41 10.20
35.36 0.00 3.16 14.41 10.20
35.36 0.00 3.16 14.41 10.20
35.36 0.00 3.16 14.41 10.20
35.36 0.00 3.16 14.41 10.20
35.01 0.00 3.16 14.41 10.20
35.72 0.00 3.16 14.41 10.20
35.36 0.00 3.16 14.41 10.20
35.36 0.00 3.16 14.41 10.20
35.36 0.00 3.16 14.41 10.20
35.72 0.00 3.16 14.41 10.20
35.36 0.00 3.16 14.41 10.20
35.72 0.00 3.16 14.41 10.20
35.36 0.00 3.16 14.06 10.20
35.36 0.00 3.16 14.06 10.20
35.72 0.00 3.16 14.06 10.20
35.36 0.00 3.16 14.06 10.20
35.36 0.00 3.16 14.06 10.20
35.36 0.00 3.16 14.06 10.20
35.36 0.00 3.16 13.71 10.20
35.72 0.00 3.16 13.71 10.20
35.36 0.00 3.16 13.71 10.20
35.72 0.00 3.16 13.71 10.20
35.72 0.00 3.16 13.71 10.20
35.36 0.00 3.16 13.71 10.55
35.72 0.00 3.16 13.71 10.55
35.36 0.00 3.16 13.71 10.55
35.36 0.00 3.16 13.36 10.55
35.36 0.00 3.16 13.36 10.55
35.72 0.00 3.16 13.36 10.55
36.07 0.00 3.16 13.36 10.55
35.36 0.00 3.16 13.36 10.55
35.72 0.00 3.16 13.36 10.20
35.36 0.00 3.16 13.71 10.20
35.72 0.00 3.16 13.71 10.20
35.72 0.00 3.16 13.71 10.55
35.36 0.00 3.16 13.71 10.55
35.36 0.00 3.16 13.71 10.55
35.36 0.00 3.16 13.71 10.55
35.72 0.00 3.16 13.71 10.55
35.72 0.00 3.16 13.71 10.55
35.72 0.00 3.16 13.71 10.55
35.72 0.00 3.16 13.71 10.55
35.36 0.00 3.16 13.71 10.55
35.72 0.00 3.16 13.71 10.20
35.36 0.00 3.16 13.71 10.20
35.36 0.00 3.16 13.71 10.20
35.36 0.00 3.16 13.71 10.20
35.36 0.00 3.16 13.71 10.20
35.36 0.00 3.16 13.71 10.20
35.36 0.00 3.16 13.71 10.20
35.72 0.00 3.16 13.71 10.20
35.36 0.00 3.16 13.71 10.20
36.07 0.00 3.16 13.71 10.20
35.01 0.00 3.16 13.71 10.20
35.36 0.00 3.16 13.71 10.20
35.36 0.00 3.16 13.71 10.20
36.07 0.00 3.16 13.71 10.20
35.36 0.00 3.16 13.71 10.20
35.01 0.00 3.16 13.71 10.55
35.36 0.00 3.16 13.71 10.55
35.36 0.00 3.16 13.71 10.55
35.72 0.00 3.16 13.71 10.90
35.36 0.00 3.16 13.71 10.90
35.72 0.00 3.16 13.71 10.90
35.01 0.00 3.16 13.71 10.90
35.72 0.00 3.16 13.71 10.90
35.72 0.00 3.16 13.71 10.90
35.36 0.00 3.16 13.71 10.90
35.72 0.00 3.16 13.71 11.25
35.36 0.00 3.16 13.71 11.25
35.72 0.00 3.16 13.71 11.60
35.72 0.00 3.16 14.06 11.60
35.72 0.00 3.16 14.06 11.60
35.72 0.00 3.16 14.06 11.95
36.07 0.00 3.16 14.06 11.95
35.36 0.00 3.16 14.06 11.95
36.07 0.00 3.16 14.06 11.95
35.72 0.00 3.16 14.06 11.95
35.72 0.00 3.16 14.06 11.60
35.72 0.00 3.16 14.06 11.60
35.72 0.00 3.16 14.06 11.60
35.72 0.00 3.16 14.06 11.60
35.36 0.00 3.16 14.06 11.60
35.36 0.00 3.16 14.06 11.60
35.72 0.00 3.16 14.06 11.60
36.07 0.00 3.16 14.06 11.60
36.07 0.00 3.16 14.06 11.60
35.72 0.00 3.16 14.06 11.60
36.07 0.00 3.16 14.06 11.60
35.72 0.00 3.16 14.06 11.60
35.72 0.00 3.16 14.41 11.95
35.72 0.00 3.16 14.41 11.95
35.72 0.00 3.16 14.41 11.95
35.72 0.00 3.16 14.41 11.95
36.07 0.00 3.16 14.41 11.95
35.72 0.00 3.16 14.41 11.60
35.72 0.00 3.16 14.41 11.60
35.72 0.00 3.16 14.41 11.60
35.72 0.00 3.16 14.41 11.25
36.07 0.00 3.16 14.41 11.25
35.72 0.00 3.16 14.41 11.25
35.72 0.00 3.16 14.41 11.25
35.36 0.00 3.16 14.41 11.25
35.72 0.00 3.16 14.41 11.60
35.36 0.00 3.16 14.41 11.60
35.72 0.00 3.16 14.41 11.60
36.07 0.00 3.16 14.41 11.60
35.72 0.00 3.16 14.41 11.25
35.72 0.00 3.16 14.41 11.25
35.36 0.00 3.16 14.41 11.25
35.72 0.00 3.16 14.41 11.25
35.72 0.00 3.16 14.41 11.25
35.72 0.00 3.16 14.41 11.25
35.36 0.00 3.16 14.06 11.25
35.72 0.00 3.16 14.06 11.25
35.36 0.00 3.16 14.06 11.60
35.72 0.00 3.16 14.06 11.60
36.07 0.00 3.16 14.06 11.60
35.72 0.00 3.16 14.06 11.60
36.07 0.00 3.16 14.06 11.60
35.36 0.00 3.16 14.06 11.60
35.01 0.00 3.16 14.06 11.60
35.72 0.00 3.16 14.06 11.95
35.36 0.00 3.16 14.06 11.95
35.72 0.00 3.16 14.06 11.95
