104.74 0.00 0.00 0.11 0.03
113.31 0.00 0.00 0.27 0.02
121.17 0.00 0.00 0.27 0.01
128.17 0.00 0.00 0.39 0.01
134.33 0.00 0.00 0.46 0.01
139.76 0.00 0.00 0.56 0.01
144.72 0.00 0.00 0.56 0.01
149.25 0.00 0.00 0.56 0.01
153.29 0.00 0.00 0.62 0.03
157.09 0.00 0.00 0.62 0.03
160.58 0.00 0.00 0.71 0.10
163.70 0.00 0.00 0.71 0.10
166.61 0.00 0.00 0.71 0.13
169.32 0.00 0.00 0.71 0.12
171.85 0.00 0.00 0.71 0.12
174.23 0.00 0.00 0.71 0.15
176.50 0.00 0.00 0.84 0.21
178.64 0.00 0.00 1.00 0.36
180.71 0.00 0.00 1.18 0.36
182.71 0.00 0.00 1.38 0.54
184.55 0.00 0.00 1.60 0.54
186.26 0.00 0.00 1.89 0.73
187.84 0.00 0.00 2.10 0.73
189.28 0.00 0.00 2.10 0.95
190.60 0.00 0.00 2.10 0.95
191.83 0.00 0.00 2.23 1.19
192.98 0.00 0.00 2.23 1.44
194.09 0.00 0.00 2.30 1.44
195.13 0.00 0.00 2.30 1.44
196.10 0.00 0.00 2.30 1.44
197.01 0.00 0.00 2.32 1.44
197.80 0.00 0.00 2.32 1.61
198.57 0.00 0.00 2.30 1.61
199.28 0.00 0.00 2.30 1.61
199.94 0.00 0.00 2.23 1.61
200.58 0.00 0.00 2.12 1.72
201.16 0.00 0.00 1.99 1.72
201.67 0.00 0.00 1.82 1.72
202.17 0.00 0.00 1.82 1.72
202.61 0.00 0.00 1.64 1.72
203.05 0.00 0.00 1.64 1.72
203.40 0.00 0.00 1.64 1.72
203.76 0.00 0.00 1.64 1.72
204.12 0.00 0.00 1.52 1.72
204.45 0.00 0.00 1.52 1.72
204.76 0.00 0.00 1.52 1.72
205.00 0.00 0.00 1.52 1.72
205.28 0.00 0.00 1.37 1.72
205.51 0.00 0.00 1.37 1.72
205.74 0.00 0.00 1.28 1.72
205.89 0.00 0.00 1.25 1.77
206.08 0.00 0.00 1.27 1.77
206.18 0.00 0.00 1.33 1.77
206.33 0.00 0.00 1.33 1.86
206.44 0.00 0.00 1.33 1.86
206.52 0.00 0.00 1.33 1.98
206.61 0.00 0.00 1.34 1.98
206.73 0.00 0.00 1.34 1.98
206.76 0.00 0.00 1.31 2.04
206.84 0.00 0.00 1.18 2.04
206.87 0.00 0.00 1.18 2.04
206.94 0.00 0.00 1.18 2.04
206.99 0.00 0.00 1.12 2.04
207.05 0.00 0.00 1.12 2.04
207.06 0.00 0.00 1.12 2.04
207.12 0.00 0.00 1.12 2.14
207.18 0.00 0.00 1.11 2.14
207.21 0.00 0.00 1.15 2.27
207.23 0.00 0.00 1.32 2.43
207.26 0.00 0.00 1.56 2.61
207.40 0.00 0.00 1.94 2.86
207.56 0.00 0.00 2.41 3.22
207.75 0.00 0.00 3.00 3.70
207.98 0.00 0.00 3.70 4.35
208.17 0.00 0.00 4.48 5.15
208.52 0.00 0.00 5.44 6.11
209.13 0.00 0.00 6.54 7.21
209.99 0.00 0.00 7.86 8.45
211.01 0.00 0.00 9.42 9.84
212.10 0.00 0.00 11.27 11.46
213.43 0.00 0.00 13.47 13.37
214.70 0.00 0.00 16.07 15.39
215.86 0.00 0.00 18.91 17.47
216.93 0.00 0.00 22.02 19.46
217.98 0.00 0.00 25.32 21.29
219.16 0.00 0.00 28.78 22.84
220.25 0.00 0.00 32.29 23.96
221.29 0.00 0.00 35.85 24.54
222.26 0.00 0.00 39.40 24.46
223.17 0.00 0.00 42.91 23.67
223.89 0.00 0.00 46.32 22.21
224.44 0.00 0.03 49.43 20.09
224.76 0.00 0.03 52.19 17.39
224.90 0.00 0.08 54.56 14.18
224.92 0.00 0.18 56.48 10.52
224.65 0.00 0.18 57.98 6.52
224.17 0.00 0.30 58.97 2.45
223.73 0.00 0.30 59.43 1.55
223.19 0.00 0.38 59.25 5.44
222.31 0.00 0.38 58.42 9.20
221.19 0.00 0.38 56.97 12.70
219.95 0.00 0.38 54.90 12.70
218.40 0.00 0.38 52.29 15.61
216.67 0.00 0.42 49.29 17.89
214.82 0.00 0.42 46.04 19.51
212.93 0.00 0.42 42.54 20.57
211.09 0.00 0.42 39.08 21.08
209.38 0.00 0.42 35.74 21.13
207.76 0.00 0.42 32.61 20.72
206.37 0.00 0.42 29.74 19.82
205.18 0.00 0.42 27.20 18.46
204.16 0.00 0.42 25.02 16.59
203.40 0.00 0.42 23.26 14.16
203.04 0.00 0.42 21.86 11.27
202.98 0.00 0.42 20.91 7.89
203.08 0.00 0.42 20.44 4.10
203.51 0.00 0.42 20.43 0.11
204.25 0.00 0.42 20.92 4.59
205.12 0.00 0.42 21.84 9.27
206.21 0.00 0.42 23.19 13.93
207.34 0.00 0.42 24.94 18.39
208.37 0.00 0.42 27.15 22.47
209.36 0.00 0.42 29.74 22.47
210.35 0.00 0.42 32.73 25.89
211.24 0.00 0.42 36.14 28.56
212.03 0.00 0.42 39.84 30.57
212.77 0.00 0.42 43.69 31.92
213.47 0.00 0.42 47.50 32.56
214.13 0.00 0.49 51.18 32.49
214.68 0.00 0.49 54.57 31.75
215.16 0.00 0.49 57.66 30.39
215.65 0.00 0.49 60.49 28.39
216.02 0.00 0.49 63.01 25.84
216.29 0.00 0.49 65.11 22.80
216.52 0.00 0.49 66.86 19.30
216.63 0.00 0.49 68.20 15.53
216.57 0.00 0.49 69.10 11.75
216.44 0.00 0.49 69.48 7.95
216.07 0.00 0.49 69.31 4.10
215.35 0.00 0.49 68.63 0.34
214.58 0.00 0.49 67.54 3.21
213.81 0.00 0.49 66.01 6.48
212.93 0.00 0.49 64.09 9.52
211.91 0.00 0.49 61.78 12.26
210.84 0.00 0.49 59.14 14.60
209.63 0.00 0.49 56.21 16.60
208.28 0.00 0.49 53.02 18.26
207.03 0.00 0.49 49.66 19.47
205.89 0.00 0.49 46.19 20.22
204.79 0.00 0.49 42.71 20.51
203.75 0.00 0.49 39.40 20.32
202.76 0.00 0.49 36.34 19.65
201.91 0.00 0.49 33.54 18.49
201.14 0.00 0.49 31.05 16.84
200.47 0.00 0.49 28.92 14.78
199.94 0.00 0.49 27.20 12.26
199.57 0.00 0.49 25.88 9.43
199.41 0.00 0.49 25.00 6.29
199.39 0.00 0.49 24.54 2.97
199.61 0.00 0.49 24.46 0.51
200.16 0.00 0.49 24.66 4.18
201.10 0.00 0.49 25.19 7.91
202.27 0.00 0.49 26.02 11.58
203.71 0.00 0.49 27.23 15.13
205.23 0.00 0.49 28.83 18.46
206.75 0.00 0.60 30.85 21.49
208.40 0.00 0.60 33.34 24.09
209.91 0.00 0.60 36.36 26.18
211.30 0.00 0.60 39.84 27.73
212.61 0.00 0.60 43.61 28.64
213.88 0.00 0.60 47.43 28.80
214.95 0.00 0.60 51.21 28.08
215.92 0.00 0.60 54.68 26.56
216.75 0.00 0.60 57.85 24.24
217.33 0.00 0.60 57.85 21.23
217.80 0.00 0.60 60.52 17.71
218.26 0.00 0.60 62.67 13.69
218.38 0.00 0.60 64.33 9.29
218.15 0.00 0.60 65.32 4.82
217.79 0.00 0.60 65.64 0.56
217.04 0.00 0.60 65.29 3.51
216.04 0.00 0.66 64.27 7.29
214.98 0.00 0.66 62.66 7.29
213.82 0.00 0.66 60.49 10.49
212.70 0.00 0.66 57.75 13.06
211.67 0.00 0.66 54.54 14.99
210.59 0.00 0.66 51.08 16.35
209.52 0.00 0.66 47.47 17.09
208.45 0.00 0.66 43.91 17.20
207.42 0.00 0.66 40.59 16.67
206.40 0.00 0.62 37.65 15.48
205.41 0.00 0.55 35.13 13.63
204.55 0.00 0.55 33.06 11.26
203.79 0.00 0.55 31.35 8.47
203.18 0.00 0.55 29.95 5.41
202.83 0.00 0.55 28.91 2.07
202.57 0.00 0.55 28.27 1.48
202.43 0.00 0.55 28.07 5.11
202.59 0.00 0.55 28.35 8.73
202.91 0.00 0.55 29.17 12.29
203.18 0.00 0.55 30.57 15.71
203.43 0.00 0.52 32.46 18.91
203.45 0.00 0.52 34.60 21.66
203.22 0.00 0.52 36.52 23.88
202.85 0.00 0.52 37.83 25.51
202.42 0.00 0.52 38.38 26.47
201.98 0.00 0.52 38.15 26.95
201.59 0.00 0.52 37.27 26.97
201.25 0.00 0.46 35.92 26.49
200.76 0.00 0.46 34.30 25.57
200.17 0.00 0.46 32.47 24.23
199.37 0.00 0.46 30.61 22.35
198.41 0.00 0.35 28.81 20.12
197.23 0.00 0.35 27.11 17.68
196.05 0.00 0.35 25.53 14.88
194.88 0.00 0.35 24.11 11.63
193.77 0.00 0.35 22.96 8.07
192.69 0.00 0.35 22.13 4.34
191.65 0.00 0.35 21.69 0.42
190.73 0.00 0.35 21.70 3.59
189.86 0.00 0.35 22.25 7.54
189.14 0.00 0.35 23.45 11.29
188.61 0.00 0.35 25.40 14.84
188.38 0.00 0.35 28.04 18.07
188.54 0.00 0.31 31.33 18.07
189.06 0.00 0.31 35.15 20.66
189.92 0.00 0.31 39.38 22.51
191.03 0.00 0.31 43.78 23.59
192.20 0.00 0.31 48.03 23.90
193.33 0.00 0.31 51.96 23.36
194.40 0.00 0.36 55.43 22.04
195.30 0.00 0.36 58.37 19.89
196.16 0.00 0.36 60.70 16.99
196.99 0.00 0.36 62.38 13.51
197.78 0.00 0.36 63.35 9.58
198.50 0.00 0.36 63.61 5.43
199.14 0.00 0.36 63.12 1.32
199.74 0.00 0.32 62.02 2.62
200.28 0.00 0.32 60.20 6.24
200.83 0.00 0.32 57.81 9.45
201.31 0.00 0.32 55.04 9.45
201.76 0.00 0.32 52.05 12.10
202.19 0.00 0.32 48.95 14.15
202.58 0.00 0.23 45.79 15.62
202.87 0.00 0.23 42.68 16.41
203.10 0.00 0.23 39.74 16.61
203.26 0.00 0.23 37.04 16.33
203.29 0.00 0.23 37.04 15.59
203.17 0.00 0.11 34.73 14.36
202.87 0.00 0.11 32.81 12.66
202.35 0.00 0.11 31.22 10.72
201.86 0.00 0.11 29.88 8.59
201.26 0.00 0.11 28.80 6.14
200.70 0.00 0.11 27.99 3.51
200.21 0.00 0.11 27.47 0.68
199.72 0.00 0.11 27.24 2.33
199.29 0.00 0.11 27.31 5.40
198.92 0.00 0.11 27.68 8.35
198.57 0.00 0.11 28.32 11.11
198.26 0.00 0.11 29.24 13.69
198.01 0.00 0.11 30.54 16.07
197.84 0.00 0.11 32.25 18.29
197.76 0.00 0.11 34.38 20.31
197.90 0.00 0.11 36.95 20.31
198.22 0.00 0.11 39.87 21.94
198.67 0.00 0.11 43.09 23.13
199.20 0.00 0.11 46.48 23.77
199.82 0.00 0.05 49.89 23.79
200.45 0.00 0.05 53.13 23.09
201.01 0.00 0.05 56.04 21.57
201.55 0.00 0.05 58.54 19.35
202.04 0.00 0.05 60.63 16.52
202.49 0.00 0.05 62.27 13.19
202.84 0.00 0.05 63.44 9.44
203.21 0.00 0.05 64.05 5.44
203.56 0.00 0.05 64.08 1.42
203.85 0.00 0.05 63.53 2.54
204.16 0.00 0.05 62.38 6.30
204.46 0.00 0.05 60.69 9.72
204.87 0.00 0.05 58.51 12.75
205.34 0.00 0.04 55.84 12.75
205.96 0.00 0.04 52.74 15.30
206.77 0.00 0.04 49.32 17.26
207.74 0.00 0.04 45.76 18.69
208.77 0.00 0.04 42.20 19.58
209.84 0.00 0.04 38.92 19.91
210.92 0.00 0.04 36.01 19.70
212.02 0.00 0.04 36.01 19.12
213.07 0.00 0.04 33.52 18.25
214.12 0.00 0.04 33.52 17.17
215.12 0.00 0.04 31.43 15.96
216.10 0.00 0.04 29.66 14.69
216.99 0.00 0.04 28.16 13.35
217.80 0.00 0.04 26.94 12.00
218.53 0.00 0.04 25.93 10.69
219.16 0.00 0.04 25.08 9.46
219.77 0.00 0.04 24.39 8.34
220.33 0.00 0.04 23.84 7.32
220.84 0.00 0.04 23.40 6.38
221.26 0.00 0.04 23.06 6.38
221.68 0.00 0.04 23.06 6.38
222.07 0.00 0.04 22.81 6.38
222.38 0.00 0.04 22.81 5.52
222.68 0.00 0.04 22.63 4.73
222.95 0.00 0.04 22.63 3.99
223.16 0.00 0.04 22.63 3.99
223.35 0.00 0.04 22.63 3.99
223.53 0.00 0.17 22.52 3.99
223.70 0.00 0.17 22.52 3.39
223.85 0.00 0.33 22.61 2.91
224.00 0.00 0.51 22.86 2.91
224.11 0.00 0.51 23.22 2.91
224.19 0.00 0.72 23.58 2.45
224.21 0.00 0.72 23.85 2.00
224.28 0.00 0.72 24.03 1.56
224.25 0.00 0.72 24.03 1.14
224.23 0.00 0.72 24.03 0.63
224.20 0.00 0.72 24.24 0.03
224.08 0.00 0.72 24.47 0.93
224.09 0.00 0.72 24.76 2.16
224.07 0.00 0.72 25.10 3.72
224.01 0.00 0.72 25.53 5.63
223.95 0.00 0.72 26.00 7.74
223.92 0.00 0.72 26.45 9.94
223.91 0.00 0.72 26.89 12.13
223.96 0.00 0.72 27.32 14.40
224.22 0.00 0.72 27.78 16.74
224.67 0.00 0.72 28.23 19.14
225.37 0.00 0.72 28.71 21.42
226.08 0.00 0.72 29.17 23.53
226.73 0.00 0.72 29.17 25.51
227.21 0.00 0.72 29.62 27.42
227.53 0.00 0.72 29.62 29.31
227.81 0.00 0.72 29.62 31.14
228.07 0.00 0.72 29.62 32.86
228.29 0.00 0.72 29.62 34.46
228.38 0.00 0.72 30.06 35.90
228.33 0.00 0.72 30.06 37.24
228.22 0.00 0.72 30.06 38.55
228.02 0.00 0.72 30.06 39.78
227.90 0.00 0.72 30.06 41.03
227.77 0.00 0.72 30.49 42.35
227.65 0.00 0.72 30.95 43.77
227.46 0.00 0.72 31.40 45.27
227.21 0.00 0.72 31.83 46.81
226.86 0.00 0.72 32.17 48.29
226.27 0.00 0.72 32.42 49.71
225.14 0.00 0.72 32.54 51.13
221.72 0.00 0.72 32.56 52.73
217.64 0.00 0.72 32.49 54.08
213.87 0.00 0.72 32.34 55.17
210.37 0.00 0.72 32.34 56.25
207.53 0.00 0.72 32.16 56.25
205.62 0.00 0.72 31.96 56.25

