
219.62 0.00 0.00 0.00 0.00
224.23 0.00 0.00 0.00 0.00
228.49 0.00 0.00 0.00 0.00
232.00 0.00 0.00 0.00 0.00
234.70 0.00 0.00 0.03 0.00
236.75 0.00 0.00 0.03 0.03
237.97 0.00 0.00 0.08 0.03
238.52 0.00 0.00 0.08 0.08
238.68 0.00 0.00 0.08 0.08
238.49 0.00 0.00 0.08 0.08
238.38 0.00 0.00 0.18 0.08
238.24 0.00 0.00 0.18 0.08
238.10 0.00 0.00 0.18 0.08
237.97 0.00 0.00 0.18 0.18
237.81 0.00 0.00 0.30 0.18
237.31 0.00 0.00 0.50 0.18
236.83 0.00 0.00 0.50 0.18
236.38 0.00 0.00 0.64 0.18
235.91 0.00 0.00 0.73 0.18
235.45 0.00 0.00 0.73 0.18
234.97 0.00 0.00 0.85 0.18
234.38 0.00 0.00 1.00 0.18
233.90 0.00 0.00 1.00 0.18
233.36 0.00 0.00 1.00 0.18
232.78 0.00 0.00 1.09 0.18
232.22 0.00 0.00 1.09 0.23
231.70 0.00 0.00 1.22 0.23
231.21 0.00 0.00 1.22 0.23
230.78 0.00 0.00 1.37 0.23
230.38 0.00 0.00 1.37 0.23
230.01 0.00 0.00 1.55 0.23
229.66 0.00 0.00 1.67 0.23
229.31 0.00 0.00 1.67 0.23
228.92 0.00 0.00 1.67 0.23
228.59 0.00 0.00 1.81 0.23
228.25 0.00 0.00 1.81 0.23
227.90 0.00 0.00 1.81 0.23
227.55 0.00 0.00 1.81 0.23
227.20 0.00 0.00 1.98 0.23
226.88 0.00 0.00 1.98 0.23
226.48 0.00 0.00 1.98 0.23
226.05 0.00 0.00 2.09 0.23
225.61 0.00 0.00 2.09 0.23
225.25 0.00 0.00 2.09 0.32
224.89 0.00 0.00 2.09 0.32
224.68 0.00 0.00 2.23 0.32
224.62 0.00 0.00 2.23 0.32
224.71 0.00 0.00 2.39 0.32
224.77 0.00 0.00 2.39 0.36
224.88 0.00 0.00 2.39 0.36
224.88 0.00 0.00 2.58 0.36
224.93 0.00 0.00 2.79 0.36
224.93 0.00 0.00 2.79 0.36
224.98 0.00 0.00 2.79 0.36
225.02 0.00 0.00 3.02 0.36
225.11 0.00 0.00 3.02 0.36
225.15 0.00 0.00 3.02 0.36
225.20 0.00 0.00 3.02 0.40
225.28 0.00 0.00 3.02 0.40
225.35 0.00 0.00 3.17 0.40
225.34 0.00 0.00 3.26 0.40
225.41 0.00 0.00 3.29 0.40
225.40 0.00 0.00 3.23 0.40
225.39 0.00 0.03 3.09 0.40
225.41 0.00 0.03 2.87 0.40
225.42 0.00 0.03 2.59 0.35
225.41 0.00 0.03 2.26 0.35
225.35 0.00 0.03 2.26 0.35
225.25 0.00 0.03 2.11 0.35
225.15 0.00 0.02 2.20 0.35
225.11 0.00 0.02 2.32 0.39
225.08 0.00 0.02 2.32 0.47
225.02 0.00 0.02 2.32 0.59
224.96 0.00 0.02 2.38 0.59
224.89 0.00 0.02 2.48 0.59
224.91 0.00 0.02 2.48 0.59
224.91 0.00 0.02 2.48 0.65
224.98 0.00 0.02 2.48 0.65
225.15 0.00 0.02 2.48 0.66
225.47 0.00 0.02 2.62 0.66
225.79 0.00 0.02 2.82 0.66
226.12 0.00 0.02 3.09 0.62
226.42 0.00 0.02 3.37 0.62
226.73 0.00 0.02 3.37 0.63
227.06 0.00 0.02 3.37 0.68
227.40 0.00 0.02 3.57 0.78
227.67 0.00 0.02 3.57 0.95
227.91 0.00 0.02 3.57 1.18
228.07 0.00 0.02 3.57 1.44
228.22 0.00 0.02 3.70 1.70
228.30 0.00 0.02 3.70 1.98
228.41 0.00 0.02 3.72 1.98
228.53 0.00 0.02 3.72 2.13
228.62 0.00 0.02 3.69 2.17
228.71 0.00 0.02 3.69 2.12
228.74 0.00 0.02 3.69 1.98
228.82 0.00 0.02 3.69 1.73
228.86 0.00 0.02 3.69 1.46
228.93 0.00 0.02 3.71 1.28
228.99 0.00 0.01 3.82 1.16
229.08 0.00 0.08 4.05 1.19
229.16 0.00 0.08 4.39 1.44
229.23 0.00 0.08 4.77 1.89
229.27 0.00 0.08 5.24 2.55
229.36 0.00 0.08 5.74 3.39
229.52 0.00 0.08 6.31 4.48
229.71 0.00 0.08 6.99 5.80
230.01 0.00 0.08 7.94 7.26
230.26 0.00 0.08 9.12 8.80
230.53 0.00 0.08 10.56 10.42
230.72 0.00 0.08 12.32 12.01
230.93 0.00 0.08 14.38 13.58
231.10 0.00 0.08 16.72 15.03
231.16 0.00 0.08 19.40 16.26
231.17 0.00 0.08 22.36 17.19
231.10 0.00 0.08 25.57 17.73
230.90 0.00 0.08 28.86 17.80
230.70 0.00 0.08 32.18 17.37
230.43 0.00 0.08 35.44 16.41
230.13 0.00 0.11 38.51 14.85
229.75 0.00 0.11 41.27 12.82
229.27 0.00 0.11 43.63 10.32
228.73 0.00 0.11 45.65 7.47
228.16 0.00 0.11 47.28 4.36
227.57 0.00 0.11 48.42 1.06
226.93 0.00 0.11 49.07 2.45
226.12 0.00 0.11 49.18 6.05
225.26 0.00 0.11 48.73 9.54
224.32 0.00 0.11 47.71 12.82
223.08 0.00 0.11 46.06 15.94
221.66 0.00 0.11 43.90 18.81
220.29 0.00 0.11 41.26 21.21
218.80 0.00 0.11 38.23 23.13
217.31 0.00 0.11 34.96 24.58
215.85 0.00 0.11 31.57 25.48
214.54 0.00 0.11 28.21 25.91
213.31 0.00 0.11 25.00 25.97
212.22 0.00 0.11 22.08 25.57
211.18 0.00 0.11 19.43 24.68
210.21 0.00 0.11 19.43 23.28
209.31 0.00 0.11 17.17 21.52
208.47 0.00 0.11 15.29 19.39
207.73 0.00 0.11 13.83 16.91
207.04 0.00 0.11 12.87 14.21
206.43 0.00 0.11 12.35 11.36
206.10 0.00 0.11 12.30 8.33
205.91 0.00 0.11 12.70 5.20
205.93 0.00 0.11 13.51 1.88
206.04 0.00 0.11 14.70 1.50
206.17 0.00 0.11 16.28 4.91
206.29 0.00 0.11 18.29 8.28
206.38 0.00 0.11 20.67 11.36
206.44 0.00 0.11 23.33 14.09
206.68 0.00 0.11 26.11 16.42
207.04 0.00 0.11 29.02 18.37
207.46 0.00 0.11 31.96 19.84
207.83 0.00 0.11 34.84 20.81
208.15 0.00 0.11 37.53 21.21
208.50 0.00 0.11 40.06 21.01
208.77 0.00 0.11 42.36 20.26
209.08 0.00 0.11 44.40 19.02
209.36 0.00 0.10 46.28 17.30
209.60 0.00 0.10 47.96 15.23
209.83 0.00 0.10 47.96 12.83
209.99 0.00 0.10 49.38 10.15
210.16 0.00 0.10 50.48 7.37
210.32 0.00 0.10 51.22 4.59
210.40 0.00 0.10 51.59 1.75
210.38 0.00 0.10 51.65 1.12
210.21 0.00 0.10 51.38 3.95
209.96 0.00 0.10 50.75 6.68
209.48 0.00 0.10 49.70 9.29
208.75 0.00 0.10 48.29 11.70
207.87 0.00 0.10 46.47 13.75
206.82 0.00 0.10 44.26 15.46
205.73 0.00 0.10 41.79 16.76
204.61 0.00 0.10 39.15 17.72
203.48 0.00 0.10 36.48 18.29
202.46 0.00 0.10 33.88 18.42
201.50 0.00 0.10 31.39 18.22
200.62 0.00 0.10 29.13 17.69
199.76 0.00 0.10 27.11 16.87
198.95 0.00 0.10 25.31 15.70
198.28 0.00 0.10 23.78 14.19
197.59 0.00 0.10 22.54 12.42
196.94 0.00 0.10 21.59 10.42
196.41 0.00 0.10 20.94 8.19
195.87 0.00 0.10 20.56 5.93
195.44 0.00 0.10 20.45 3.60
195.06 0.00 0.10 20.66 1.25
194.73 0.00 0.10 21.21 1.07
194.48 0.00 0.10 22.14 3.31
194.14 0.00 0.10 23.40 5.45
193.88 0.00 0.10 25.04 7.45
193.53 0.00 0.10 27.01 9.29
193.12 0.00 0.10 29.22 10.93
192.61 0.00 0.10 31.60 12.32
191.99 0.00 0.05 33.98 13.40
191.36 0.00 0.05 36.20 14.29
190.76 0.00 0.05 38.09 14.29
190.19 0.00 0.05 39.65 14.29
189.71 0.00 0.05 40.74 15.12
189.24 0.00 0.05 41.33 15.12
188.83 0.00 0.05 41.53 15.88
188.42 0.00 0.05 41.34 15.88
188.04 0.00 0.05 40.78 16.50
187.66 0.00 0.05 39.83 17.00
187.33 0.00 0.05 38.56 17.34
187.02 0.00 0.05 37.00 17.51
186.74 0.00 0.05 35.24 17.47
186.44 0.00 0.05 33.34 17.13
186.15 0.00 0.05 31.37 16.55
185.90 0.00 0.05 29.42 15.65
185.54 0.00 0.05 27.55 14.41
185.09 0.00 0.05 25.83 12.89
184.55 0.00 0.05 25.83 11.15
183.95 0.00 0.05 24.37 9.14
183.34 0.00 0.05 23.14 6.89
182.75 0.00 0.05 22.16 4.44
182.16 0.00 0.05 21.48 1.80
181.53 0.00 0.05 21.12 0.90
180.99 0.00 0.05 21.02 3.66
180.39 0.00 0.05 21.21 6.43
179.81 0.00 0.05 21.78 9.12
179.27 0.00 0.05 22.73 11.64
178.76 0.00 0.05 24.09 14.02
178.31 0.00 0.05 25.78 16.22
178.12 0.00 0.05 27.70 16.22
178.05 0.00 0.05 29.86 18.11
178.06 0.00 0.05 32.16 19.66
178.22 0.00 0.05 34.52 20.83
178.49 0.00 0.05 36.89 21.58
178.78 0.00 0.05 39.23 21.92
179.11 0.00 0.05 41.50 21.82
179.51 0.00 0.05 43.70 21.23
179.97 0.00 0.05 45.71 20.13
180.51 0.00 0.04 47.51 18.59
180.95 0.00 0.04 49.03 16.62
181.40 0.00 0.04 50.27 14.23
181.83 0.00 0.04 51.21 11.51
182.21 0.00 0.04 51.86 8.60
182.57 0.00 0.04 52.19 5.61
182.88 0.00 0.04 52.17 2.60
183.16 0.00 0.04 51.80 0.30
183.41 0.00 0.04 51.02 3.09
183.63 0.00 0.04 49.80 5.71
183.84 0.00 0.04 48.19 8.17
183.99 0.00 0.04 46.26 10.41
184.15 0.00 0.04 44.03 10.41
184.26 0.00 0.04 41.59 12.27
184.28 0.00 0.08 39.01 13.76
184.23 0.00 0.08 36.41 14.92
184.13 0.00 0.08 33.87 15.66
183.95 0.00 0.08 31.42 16.04
183.73 0.00 0.08 29.16 16.10
183.52 0.00 0.08 27.05 15.80
183.30 0.00 0.08 25.12 14.99
183.03 0.00 0.08 23.39 13.84
182.75 0.00 0.08 21.84 12.34
182.44 0.00 0.08 20.44 10.54
182.13 0.00 0.08 19.26 8.56
181.86 0.00 0.08 18.33 6.39
181.59 0.00 0.08 17.60 4.09
181.34 0.00 0.08 17.11 1.72
181.13 0.00 0.08 16.76 0.66
180.91 0.00 0.08 16.60 3.05
180.77 0.00 0.08 16.63 5.40
180.67 0.00 0.08 16.89 7.68
180.62 0.00 0.08 17.43 9.89
180.65 0.00 0.08 18.16 11.99
180.75 0.00 0.08 19.08 14.06
180.90 0.00 0.08 20.24 15.99
181.15 0.00 0.08 21.60 17.72
181.50 0.00 0.08 23.20 19.28
181.96 0.00 0.08 24.96 20.59
182.43 0.00 0.08 26.84 21.64
182.89 0.00 0.08 28.81 22.38
183.37 0.00 0.08 30.79 22.80
183.89 0.00 0.08 32.69 22.81
184.47 0.00 0.08 34.40 22.45
185.01 0.00 0.08 34.40 21.83
185.58 0.00 0.08 35.94 20.97
186.12 0.00 0.08 37.32 19.86
186.71 0.00 0.08 38.48 18.54
187.37 0.00 0.08 39.41 16.98
188.02 0.00 0.08 40.08 15.21
188.68 0.00 0.08 40.44 13.17
189.44 0.00 0.08 40.57 10.86
190.39 0.00 0.08 40.51 8.30
191.37 0.00 0.08 40.27 5.71
192.33 0.00 0.08 39.89 3.23
193.35 0.00 0.08 39.37 1.02
194.27 0.00 0.08 38.88 0.78
195.06 0.00 0.08 38.40 2.16
195.87 0.00 0.08 38.40 3.10
196.57 0.00 0.08 38.40 3.60
197.27 0.00 0.08 38.03 3.68
197.93 0.00 0.08 37.75 3.34
198.54 0.00 0.08 37.56 2.60
199.18 0.00 0.08 37.43 1.59
199.83 0.00 0.08 37.43 0.40
200.50 0.00 0.08 37.43 1.04
201.13 0.00 0.08 37.36 2.71
201.71 0.00 0.08 37.36 4.61
202.26 0.00 0.08 37.36 6.63
202.79 0.00 0.08 37.26 8.66
203.31 0.00 0.08 37.26 10.70
203.80 0.00 0.08 37.26 12.79
204.22 0.00 0.08 37.26 14.84
204.65 0.00 0.08 37.22 16.90
204.99 0.00 0.08 37.22 19.01
205.22 0.00 0.08 37.22 21.21
205.33 0.00 0.08 37.22 23.44
205.36 0.00 0.08 37.22 25.70
205.32 0.00 0.08 37.27 27.90
205.28 0.00 0.08 37.27 30.00
205.20 0.00 0.08 37.27 32.01
205.00 0.00 0.08 37.36 33.94
204.60 0.00 0.08 37.36 35.85
203.96 0.00 0.08 37.36 37.74
203.12 0.00 0.08 37.36 39.56
202.09 0.00 0.08 37.40 41.34
201.12 0.00 0.08 37.40 43.07
200.16 0.00 0.08 37.40 44.71
199.22 0.00 0.08 37.40 46.23
198.24 0.00 0.08 37.40 47.64
197.26 0.00 0.08 37.40 49.01
196.06 0.00 0.08 37.40 50.34
194.80 0.00 0.08 37.40 51.55
193.57 0.00 0.08 37.40 51.55
192.43 0.00 0.08 37.40 51.55
191.38 0.00 0.08 37.40 51.55
190.44 0.00 0.08 37.40 51.55
189.80 0.00 0.08 37.38 52.64
189.47 0.00 0.08 37.27 53.65
189.11 0.00 0.07 37.14 53.65
188.73 0.00 0.07 37.14 53.65
188.86 0.00 0.02 37.14 54.56
189.94 0.00 0.07 36.97 55.41
192.31 0.00 0.07 36.79 56.28
196.20 0.00 0.20 36.53 57.09
200.69 0.00 0.35 36.18 57.83
204.88 0.00 0.53 35.73 58.53
208.30 0.00 0.73 35.07 59.36
211.27 0.00 0.73 34.19 60.04
214.08 0.00 0.95 33.19 60.59
216.80 0.00 0.95 32.09 61.16
219.33 0.00 0.95 30.95 61.70
221.67 0.00 0.95 29.83 61.70
223.87 0.00 0.95 28.76 61.70
225.92 0.00 0.95 27.78 61.70
227.85 0.00 0.95 27.78 61.70
229.61 0.00 0.95 27.78 61.70
231.27 0.00 0.95 26.88 61.70
232.84 0.00 0.95 26.88 61.70
234.30 0.00 0.95 26.88 61.70
235.71 0.00 0.95 26.88 61.70
237.02 0.00 0.95 26.88 61.70
238.20 0.00 0.95 26.88 61.70
239.30 0.00 0.95 26.88 61.70
240.27 0.00 0.95 26.88 61.70
241.20 0.00 0.95 26.88 61.70
242.07 0.00 0.95 26.88 61.70
242.85 0.00 0.95 26.88 61.70
243.63 0.00 0.95 26.88 61.70
244.36 0.00 0.95 26.88 61.70
245.03 0.00 0.95 26.88 61.70
245.64 0.00 0.95 26.05 61.70
246.20 0.00 0.95 26.05 61.70
246.73 0.00 0.95 26.05 61.70
247.20 0.00 0.95 26.05 61.70
247.65 0.00 0.95 26.05 61.70
248.11 0.00 0.95 26.05 61.70
248.48 0.00 0.95 26.05 61.70
248.87 0.00 1.10 26.05 61.70
249.26 0.00 1.10 26.05 61.70
249.56 0.00 1.10 26.05 61.70
249.88 0.00 1.10 26.05 61.70
250.20 0.00 1.10 25.28 61.70
250.43 0.00 1.10 25.28 61.70
250.64 0.00 1.10 25.28 61.70
250.92 0.00 1.10 25.28 61.70
251.14 0.00 1.10 25.28 61.70
251.38 0.00 1.10 25.28 61.70
251.58 0.00 1.10 25.28 61.70
251.74 0.00 1.10 25.28 61.70
251.91 0.00 1.10 25.28 61.70
252.07 0.00 1.10 25.28 61.70
252.17 0.00 1.10 25.28 61.70
252.27 0.00 1.10 25.28 61.70
252.40 0.00 1.10 25.28 61.70
252.53 0.00 1.10 25.28 61.70
252.65 0.00 1.10 25.28 61.70
252.76 0.00 1.10 25.28 61.70
252.84 0.00 1.10 25.28 61.70
252.93 0.00 1.10 25.28 61.70
253.02 0.00 1.10 25.28 61.70
253.08 0.00 1.10 25.28 61.70
253.12 0.00 1.10 25.28 61.70
253.20 0.00 1.10 25.28 61.70
253.24 0.00 1.10 25.28 61.70
253.29 0.00 1.10 25.28 61.70
253.38 0.00 1.10 25.28 61.70
253.49 0.00 1.10 25.28 61.70
253.52 0.00 1.10 25.28 61.70
253.57 0.00 1.10 25.28 61.70
253.62 0.00 1.10 25.28 61.70
253.64 0.00 1.10 25.28 61.70
253.68 0.00 1.10 25.28 61.70
253.72 0.00 1.10 25.28 61.70
253.73 0.00 1.10 25.28 61.70
253.77 0.00 1.10 25.28 61.70
253.80 0.00 1.10 25.28 61.70
253.83 0.00 1.10 25.28 61.70
253.86 0.00 1.10 25.28 61.70
253.89 0.00 1.10 25.28 61.70
253.87 0.00 1.10 25.28 61.70
