143.58 0.00 0.00 0.00 0.00
144.64 0.00 0.00 0.00 0.00
145.70 0.00 0.00 0.03 0.00
146.05 0.00 0.00 0.03 0.00
148.17 0.00 0.00 0.03 0.00
149.94 0.00 0.00 0.02 0.00
150.65 0.00 0.00 0.02 0.00
152.42 0.00 0.00 0.02 0.00
153.83 0.00 0.00 0.02 0.00
154.89 0.00 0.00 0.02 0.00
157.01 0.00 0.00 0.02 0.00
159.14 0.00 0.00 0.02 0.00
159.49 0.00 0.00 0.02 0.00
159.84 0.00 0.00 0.02 0.00
159.84 0.00 0.00 0.02 0.00
159.49 0.00 0.00 0.02 0.00
160.20 0.00 0.00 0.02 0.03
159.84 0.00 0.00 0.01 0.03
161.96 0.00 0.00 0.01 0.03
167.27 0.00 0.00 0.01 0.03
168.68 0.00 0.00 0.01 0.03
164.44 0.00 0.00 0.01 0.03
164.44 0.00 0.00 0.01 0.03
166.92 0.00 0.00 0.01 0.03
167.98 0.00 0.00 0.01 0.03
170.10 0.00 0.00 0.05 0.03
170.45 0.00 0.00 0.16 0.03
170.10 0.00 0.00 0.30 0.03
170.81 0.00 0.00 0.48 0.03
171.87 0.00 0.00 0.48 0.03
172.93 0.00 0.00 0.59 0.08
174.70 0.00 0.00 0.59 0.08
175.05 0.00 0.00 0.65 0.08
175.05 0.00 0.00 0.65 0.08
176.11 0.00 0.00 0.65 0.08
175.40 0.00 0.00 0.65 0.11
176.11 0.00 0.00 0.65 0.11
178.94 0.00 0.00 0.65 0.11
179.65 0.00 0.00 0.65 0.11
178.59 0.00 0.00 0.70 0.11
177.17 0.00 0.00 0.79 0.11
177.52 0.00 0.00 0.79 0.11
176.46 0.00 0.00 0.79 0.11
175.76 0.00 0.00 0.79 0.11
174.34 0.00 0.00 0.78 0.11
175.05 0.00 0.00 0.73 0.11
173.99 0.00 0.00 0.59 0.11
173.28 0.00 0.00 0.43 0.11
172.22 0.00 0.00 0.19 0.11
171.51 0.00 0.00 0.10 0.11
171.87 0.00 0.00 0.49 0.17
172.93 0.00 0.00 0.97 0.17
174.70 0.00 0.00 1.56 0.17
174.70 0.00 0.00 2.13 0.17
174.34 0.00 0.00 2.53 0.17
175.76 0.00 0.00 2.83 0.17
178.94 0.00 0.00 2.83 0.19
184.24 0.00 0.00 3.15 0.19
186.72 0.00 0.00 3.15 0.19
188.49 0.00 0.00 3.15 0.19
189.55 0.00 0.00 3.15 0.19
191.32 0.00 0.00 3.37 0.19
193.44 0.00 0.00 3.37 0.19
197.33 0.00 0.00 3.37 0.19
199.80 0.00 0.00 3.37 0.19
202.63 0.00 0.00 3.62 0.19
206.52 0.00 0.00 3.62 0.19
209.35 0.00 0.00 3.87 0.19
213.60 0.00 0.00 3.87 0.19
216.07 0.00 0.00 4.14 0.19
219.61 0.00 0.00 4.42 0.19
220.67 0.00 0.00 4.42 0.19
221.38 0.00 0.00 4.42 0.19
220.67 0.00 0.00 4.42 0.19
216.78 0.00 0.00 4.42 0.19
211.12 0.00 0.00 4.42 0.19
204.40 0.00 0.00 4.71 0.19
196.27 0.00 0.00 5.01 0.17
186.72 0.00 0.00 5.01 0.17
181.06 0.00 0.00 5.31 0.19
173.28 0.00 0.00 5.31 0.19
163.73 0.00 0.00 5.31 0.19
152.42 0.00 0.00 5.31 0.25
144.28 0.00 0.00 5.31 0.25
141.45 0.00 0.00 5.53 0.25
141.45 0.00 0.00 5.53 0.25
143.58 0.00 0.00 5.68 0.25
149.94 0.00 0.00 5.76 0.25
159.49 0.00 0.00 5.76 0.25
165.50 0.00 0.00 5.79 0.26
171.51 0.00 0.00 5.79 0.26
178.59 0.00 0.00 5.79 0.26
183.18 0.00 0.00 5.79 0.26
189.90 0.00 0.00 5.77 0.26
196.62 0.00 0.00 5.77 0.26
202.28 0.00 0.00 5.77 0.23
207.23 0.00 0.00 5.77 0.23
210.77 0.00 0.00 5.77 0.23
215.01 0.00 0.00 5.77 0.23
215.01 0.00 0.00 5.77 0.23
215.72 0.00 0.00 5.79 0.23
217.84 0.00 0.00 5.79 0.23
218.55 0.00 0.00 5.79 0.23
218.55 0.00 0.00 5.79 0.23
217.13 0.00 0.00 5.79 0.23
213.60 0.00 0.00 5.79 0.23
205.82 0.00 0.00 5.79 0.23
199.10 0.00 0.00 5.86 0.23
192.02 0.00 0.00 5.86 0.25
181.41 0.00 0.00 5.97 0.25
172.57 0.00 0.00 5.97 0.25
164.79 0.00 0.00 5.97 0.25
157.37 0.00 0.00 5.97 0.25
151.71 0.00 0.00 6.10 0.25
149.59 0.00 0.00 6.10 0.25
148.88 0.00 0.00 6.10 0.25
151.36 0.00 0.00 6.27 0.30
155.25 0.00 0.00 6.27 0.30
162.32 0.00 0.00 6.27 0.30
168.68 0.00 0.00 6.27 0.30
172.22 0.00 0.00 6.27 0.30
177.52 0.00 0.00 6.36 0.31
183.54 0.00 0.00 6.36 0.31
188.84 0.00 0.00 6.36 0.31
194.15 0.00 0.00 6.36 0.31
199.80 0.00 0.00 6.36 0.31
204.75 0.00 0.00 6.40 0.31
207.94 0.00 0.00 6.40 0.31
211.83 0.00 0.00 6.40 0.31
213.60 0.00 0.00 6.40 0.31
216.07 0.00 0.00 6.39 0.31
216.42 0.00 0.00 6.39 0.31
216.07 0.00 0.00 6.39 0.31
212.18 0.00 0.00 6.34 0.27
203.69 0.00 0.00 6.34 0.27
193.44 0.00 0.00 6.34 0.27
183.54 0.00 0.00 6.34 0.27
174.34 0.00 0.00 6.34 0.27
167.62 0.00 0.00 6.34 0.27
160.55 0.00 0.00 6.34 0.27
154.54 0.00 0.00 6.34 0.27
149.94 0.00 0.00 6.29 0.27
147.47 0.00 0.00 6.29 0.28
146.40 0.00 0.00 6.29 0.28
147.47 0.00 0.00 6.29 0.28
150.65 0.00 0.00 6.29 0.28
157.01 0.00 0.00 6.29 0.28
165.50 0.00 0.00 6.29 0.28
169.39 0.00 0.00 6.29 0.28
173.99 0.00 0.00 6.29 0.28
177.88 0.00 0.00 6.30 0.24
181.41 0.00 0.00 6.30 0.24
185.30 0.00 0.00 6.26 0.24
189.55 0.00 0.00 6.26 0.24
194.15 0.00 0.00 6.18 0.24
199.10 0.00 0.00 6.18 0.24
204.75 0.00 0.00 6.18 0.24
207.23 0.00 0.00 6.18 0.24
208.29 0.00 0.00 6.18 0.24
211.83 0.00 0.00 6.18 0.24
215.36 0.00 0.00 6.18 0.24
217.13 0.00 0.00 6.18 0.26
216.78 0.00 0.00 6.18 0.26
212.89 0.00 0.00 6.18 0.26
205.11 0.00 0.00 6.06 0.23
196.97 0.00 0.00 6.06 0.23
187.43 0.00 0.00 6.06 0.23
176.11 0.00 0.00 6.06 0.24
163.73 0.00 0.00 6.06 0.24
156.31 0.00 0.00 6.00 0.30
149.94 0.00 0.00 6.00 0.30
146.76 0.00 0.00 6.00 0.30
144.64 0.00 0.00 6.00 0.30
143.93 0.00 0.00 6.00 0.30
145.34 0.00 0.00 6.00 0.30
150.29 0.00 0.00 6.00 0.30
156.66 0.00 0.00 6.00 0.30
165.50 0.00 0.00 5.95 0.40
173.63 0.00 0.00 5.95 0.40
180.35 0.00 0.00 5.95 0.40
187.43 0.00 0.00 5.96 0.40
194.15 0.00 0.00 5.96 0.44
199.80 0.00 0.00 5.96 0.44
204.75 0.00 0.00 5.96 0.44
208.64 0.00 0.00 5.96 0.44
210.77 0.00 0.00 5.96 0.44
214.30 0.00 0.00 5.96 0.44
215.36 0.00 0.00 5.96 0.44
215.72 0.00 0.00 5.96 0.44
216.07 0.00 0.00 5.96 0.44
210.06 0.00 0.00 5.96 0.44
201.57 0.00 0.00 6.00 0.42
187.43 0.00 0.00 6.00 0.42
173.28 0.00 0.00 6.00 0.42
158.78 0.00 0.00 6.00 0.46
148.88 0.00 0.00 6.00 0.46
142.51 0.00 0.00 6.00 0.46
139.69 0.00 0.00 6.00 0.54
137.92 0.00 0.00 6.04 0.54
140.39 0.00 0.00 6.04 0.54
146.76 0.00 0.00 6.04 0.54
155.25 0.00 0.00 6.04 0.54
168.68 0.00 0.00 6.03 0.54
180.00 0.00 0.00 6.03 0.65
187.07 0.00 0.00 6.03 0.65
194.85 0.00 0.00 6.03 0.65
198.74 0.00 0.00 6.03 0.70
202.99 0.00 0.00 6.03 0.70
203.34 0.00 0.00 6.03 0.70
202.99 0.00 0.00 5.98 0.70
202.28 0.00 0.00 5.98 0.70
202.63 0.00 0.00 5.98 0.79
201.22 0.00 0.00 5.98 0.79
200.86 0.00 0.00 5.98 0.79
198.74 0.00 0.00 5.98 0.79
198.39 0.00 0.00 6.03 0.79
198.74 0.00 0.00 6.11 0.79
201.22 0.00 0.00 6.23 0.79
200.86 0.00 0.00 6.23 0.79

