288.57 0.00 0.00 0.00 0.00
288.57 0.00 0.00 0.00 0.00
289.27 0.00 0.00 0.00 0.00
289.27 0.00 0.00 0.00 0.00
289.98 0.00 0.00 0.00 0.00
288.57 0.00 0.00 0.00 0.00
288.57 0.00 0.00 0.00 0.00
289.27 0.00 0.00 0.00 0.00
289.27 0.00 0.00 0.00 0.00
288.92 0.00 0.00 0.00 0.00
288.21 0.00 0.00 0.00 0.00
289.27 0.00 0.00 0.00 0.00
288.57 0.00 0.00 0.00 0.00
289.27 0.00 0.00 0.00 0.00
288.21 0.00 0.00 0.00 0.00
289.27 0.00 0.00 0.00 0.00
288.57 0.00 0.00 0.00 0.00
289.27 0.00 0.00 0.00 0.00
288.57 0.00 0.00 0.00 0.00
288.57 0.00 0.00 0.00 0.00
288.92 0.00 0.00 0.00 0.00
289.27 0.00 0.00 0.00 0.00
288.92 0.00 0.00 0.00 0.00
288.57 0.00 0.00 0.00 0.00
288.92 0.00 0.00 0.00 0.00
288.92 0.00 0.00 0.00 0.00
288.57 0.00 0.00 0.00 0.00
288.21 0.00 0.00 0.00 0.00
289.27 0.00 0.00 0.00 0.00
288.57 0.00 0.00 0.00 0.00
288.92 0.00 0.00 0.00 0.00
288.21 0.00 0.00 0.00 0.00
288.92 0.00 0.00 0.00 0.00
288.92 0.00 0.00 0.00 0.00
288.92 0.00 0.00 0.00 0.00
288.57 0.00 0.00 0.00 0.00
288.92 0.00 0.00 0.00 0.00
288.92 0.00 0.00 0.00 0.00
288.92 0.00 0.00 0.00 0.00
288.21 0.00 0.00 0.00 0.00
288.57 0.00 0.00 0.00 0.00
289.27 0.00 0.00 0.00 0.00
288.92 0.00 0.00 0.00 0.00
288.92 0.00 0.00 0.00 0.00
288.57 0.00 0.00 0.00 0.00
288.92 0.00 0.00 0.00 0.00
288.57 0.00 0.00 0.00 0.00
288.57 0.00 0.00 0.00 0.00
288.92 0.00 0.00 0.00 0.00
289.27 0.00 0.00 0.00 0.00
288.57 0.00 0.00 0.00 0.00
288.92 0.00 0.00 0.00 0.00
288.21 0.00 0.00 0.00 0.00
289.27 0.00 0.00 0.00 0.00
288.92 0.00 0.00 0.00 0.00
288.57 0.00 0.00 0.00 0.00
288.92 0.00 0.00 0.00 0.00
288.21 0.00 0.00 0.00 0.00
289.27 0.00 0.00 0.00 0.00
288.57 0.00 0.00 0.00 0.00
288.92 0.00 0.00 0.00 0.00
288.92 0.00 0.00 0.00 0.00
289.63 0.00 0.00 0.00 0.00
288.57 0.00 0.00 0.00 0.00
288.21 0.00 0.00 0.00 0.00
288.92 0.00 0.00 0.00 0.00
288.92 0.00 0.00 0.00 0.00
288.92 0.00 0.00 0.00 0.00
288.92 0.00 0.00 0.00 0.00
289.98 0.00 0.00 0.00 0.00
290.69 0.00 0.00 0.00 0.00
289.27 0.00 0.00 0.00 0.00
283.97 0.00 0.00 0.00 0.00
281.85 0.00 0.00 0.03 0.00
277.25 0.00 0.00 0.03 0.00
273.01 0.00 0.00 0.08 0.00
264.87 0.00 0.00 0.08 0.00
259.21 0.00 0.00 0.08 0.00
251.43 0.00 0.00 0.18 0.00
245.78 0.00 0.00 0.18 0.00
238.70 0.00 0.00 0.18 0.00
232.69 0.00 0.00 0.18 0.00
226.33 0.00 0.00 0.23 0.00
213.24 0.00 0.00 0.23 0.00
204.05 0.00 0.00 0.23 0.00
196.97 0.00 0.00 0.23 0.00
193.08 0.00 0.00 0.23 0.00
186.01 0.00 0.00 0.23 0.00
177.17 0.00 0.00 0.23 0.00
168.68 0.00 0.00 0.32 0.00
162.67 0.00 0.00 0.32 0.00
157.01 0.00 0.00 0.32 0.00
151.00 0.00 0.00 0.32 0.00
146.05 0.00 0.00 0.32 0.00
140.39 0.00 0.00 0.32 0.00
136.50 0.00 0.00 0.32 0.00
134.03 0.00 0.00 0.32 0.00
130.14 0.00 0.00 0.32 0.00
126.60 0.00 0.00 0.44 0.00
123.42 0.00 0.00 0.44 0.00
120.24 0.00 0.00 0.44 0.00
117.76 0.00 0.00 0.44 0.00
114.58 0.00 0.00 0.44 0.00
112.46 0.00 0.00 0.44 0.00
108.21 0.00 0.00 0.59 0.00
102.91 0.00 0.00 0.77 0.00
96.19 0.00 0.00 0.98 0.00
90.88 0.00 0.00 0.98 0.00
88.06 0.00 0.00 1.20 0.00
83.10 0.00 0.00 1.44 0.00
75.32 0.00 0.00 1.75 0.00
68.96 0.00 0.00 2.06 0.00
65.42 0.00 0.00 2.37 0.00
64.01 0.00 0.00 2.70 0.00
59.41 0.00 0.00 3.02 0.00
53.40 0.00 0.00 3.35 0.00
48.09 0.00 0.00 3.69 0.00
44.20 0.00 0.00 4.02 0.00
39.61 0.00 0.00 4.36 0.00
28.29 0.00 0.00 4.36 0.00
18.74 0.00 0.00 4.70 0.03
13.79 0.00 0.00 4.70 0.03
11.32 0.00 0.03 5.04 0.03
4.95 0.00 0.03 5.04 0.03
0.00 0.00 0.03 5.39 0.03
344.79 0.00 0.03 5.73 0.03
342.32 0.00 0.03 5.73 0.03
338.78 0.00 0.03 6.08 0.03
332.77 0.00 0.03 6.08 0.03
328.17 0.00 0.03 6.08 0.03
326.40 0.00 0.03 6.08 0.03
327.82 0.00 0.03 6.08 0.03
325.70 0.00 0.03 6.08 0.03
324.28 0.00 0.03 6.08 0.03
324.64 0.00 0.03 6.08 0.03
327.82 0.00 0.03 6.08 0.03
329.23 0.00 0.03 6.34 0.03
328.88 0.00 0.03 6.34 0.03
331.71 0.00 0.03 6.34 0.03
337.72 0.00 0.03 6.51 0.03
340.90 0.00 0.03 6.51 0.03
345.50 0.00 0.03 6.51 0.03
3.18 0.00 0.03 6.51 0.03
6.72 0.00 0.03 6.51 0.03
10.26 0.00 0.03 6.51 0.03
15.91 0.00 0.03 6.71 0.03
21.22 0.00 0.03 6.71 0.03
24.40 0.00 0.03 6.71 0.03
30.06 0.00 0.03 6.71 0.03
40.31 0.00 0.03 6.71 0.03
43.85 0.00 0.03 6.71 0.02
44.91 0.00 0.03 6.94 0.02
51.98 0.00 0.03 6.94 0.02
62.24 0.00 0.03 7.08 0.02
70.02 0.00 0.03 7.08 0.02
78.15 0.00 0.03 7.17 0.02
86.29 0.00 0.03 7.17 0.02
99.72 0.00 0.03 7.17 0.02
110.69 0.00 0.03 7.19 0.02
119.53 0.00 0.03 7.19 0.02
127.31 0.00 0.03 7.17 0.02
137.92 0.00 0.03 7.17 0.02
151.71 0.00 0.03 7.17 0.02
160.20 0.00 0.03 7.17 0.02
163.03 0.00 0.03 7.17 0.02
167.62 0.00 0.03 7.17 0.02
171.87 0.00 0.03 7.17 0.02
175.76 0.00 0.03 7.17 0.02
177.88 0.00 0.03 7.11 0.02
182.12 0.00 0.03 7.11 0.02
188.84 0.00 0.03 7.11 0.02
192.02 0.00 0.03 7.11 0.02
194.50 0.00 0.03 7.11 0.02
196.62 0.00 0.03 7.11 0.02
200.16 0.00 0.03 7.11 0.02
201.93 0.00 0.03 7.11 0.02
205.11 0.00 0.03 7.01 0.02
209.00 0.00 0.03 7.01 0.02
212.53 0.00 0.03 7.01 0.02
214.66 0.00 0.03 7.01 0.02
220.31 0.00 0.03 7.01 0.02
224.91 0.00 0.03 7.01 0.02
229.86 0.00 0.03 7.01 0.02
235.17 0.00 0.03 7.01 0.01
242.59 0.00 0.03 6.88 0.01
247.19 0.00 0.03 6.88 0.01
249.31 0.00 0.03 6.88 0.01
250.02 0.00 0.03 6.88 0.01
251.08 0.00 0.03 6.88 0.01
252.14 0.00 0.03 6.88 0.01
258.15 0.00 0.03 6.72 0.01
260.98 0.00 0.03 6.53 0.01
265.23 0.00 0.03 6.33 0.01
267.35 0.00 0.03 6.33 0.01
270.53 0.00 0.03 6.10 0.01
273.01 0.00 0.03 6.10 0.01
276.19 0.00 0.03 6.10 0.01
278.66 0.00 0.03 6.10 0.01
281.14 0.00 0.03 6.10 0.01
283.97 0.00 0.03 6.10 0.01
288.21 0.00 0.03 6.10 0.01
291.04 0.00 0.03 6.10 0.01
295.99 0.00 0.03 5.86 0.01
299.88 0.00 0.03 5.86 0.01
303.42 0.00 0.03 5.86 0.01
304.48 0.00 0.03 5.86 0.01
304.83 0.00 0.03 5.86 0.01
304.13 0.00 0.03 5.86 0.01
303.42 0.00 0.03 5.86 0.01
303.77 0.00 0.03 5.61 0.01
302.71 0.00 0.03 5.61 0.01
302.36 0.00 0.03 5.61 0.01
301.65 0.00 0.03 5.61 0.01
301.65 0.00 0.03 5.61 0.01
299.88 0.00 0.03 5.34 0.01
299.88 0.00 0.03 5.34 0.01
297.76 0.00 0.03 5.34 0.01
295.64 0.00 0.03 5.34 0.01
294.58 0.00 0.03 5.34 0.01
294.22 0.00 0.03 5.34 0.01
293.52 0.00 0.03 5.34 0.01
294.22 0.00 0.03 5.34 0.01
294.22 0.00 0.03 5.34 0.01
295.99 0.00 0.03 5.06 0.01
297.76 0.00 0.03 5.06 0.01
298.82 0.00 0.03 5.06 0.01
298.47 0.00 0.03 5.06 0.01
298.47 0.00 0.03 5.06 0.01
296.35 0.00 0.03 4.86 0.01
295.64 0.00 0.03 4.86 0.01
293.16 0.00 0.03 4.86 0.01
290.33 0.00 0.03 4.86 0.01
286.09 0.00 0.03 4.86 0.01
285.03 0.00 0.03 4.86 0.01
283.97 0.00 0.03 4.65 0.01
282.91 0.00 0.03 4.65 0.01
281.49 0.00 0.03 4.65 0.01
280.79 0.00 0.03 4.65 0.01
280.08 0.00 0.03 4.65 0.01
278.66 0.00 0.03 4.65 0.01
276.90 0.00 0.03 4.65 0.01
273.36 0.00 0.03 4.65 0.01
270.18 0.00 0.03 4.65 0.01
264.52 0.00 0.03 4.65 0.01
256.39 0.00 0.03 4.65 0.01
247.54 0.00 0.03 4.65 0.01
243.65 0.00 0.03 4.65 0.01
240.83 0.00 0.03 4.65 0.01
236.23 0.00 0.03 4.65 0.01
230.57 0.00 0.03 4.65 0.01
228.45 0.00 0.03 4.65 0.01
226.68 0.00 0.03 4.65 0.01
225.97 0.00 0.03 4.65 0.01
224.20 0.00 0.03 4.65 0.01
227.03 0.00 0.03 4.65 0.01
230.57 0.00 0.03 4.65 0.01
233.05 0.00 0.03 4.65 0.01
231.28 0.00 0.03 4.41 0.01
231.28 0.00 0.03 4.41 0.01
238.35 0.00 0.03 4.41 0.01
245.42 0.00 0.03 4.16 0.01
250.37 0.00 0.03 4.16 0.01
251.43 0.00 0.03 4.16 0.01
252.14 0.00 0.03 4.16 0.01
255.32 0.00 0.03 3.90 0.01
259.57 0.00 0.03 3.90 0.01
261.34 0.00 0.03 3.90 0.01
264.87 0.00 0.03 3.90 0.01
269.12 0.00 0.03 3.90 0.01
273.01 0.00 0.03 3.90 0.01
276.90 0.00 0.03 3.63 0.01
280.08 0.00 0.03 3.63 0.01
279.72 0.00 0.03 3.63 0.01
280.79 0.00 0.03 3.43 0.01
281.49 0.00 0.03 3.43 0.01
283.61 0.00 0.03 3.43 0.01
282.91 0.00 0.03 3.43 0.01
283.61 0.00 0.03 3.43 0.01
283.61 0.00 0.03 3.43 0.01
285.03 0.00 0.03 3.43 0.01
285.74 0.00 0.03 3.43 0.01
285.74 0.00 0.03 3.43 0.01
285.74 0.00 0.03 3.43 0.01
286.44 0.00 0.03 3.43 0.01
285.74 0.00 0.03 3.43 0.01
285.74 0.00 0.03 3.43 0.01
284.68 0.00 0.03 3.43 0.01
283.97 0.00 0.03 3.43 0.01
282.55 0.00 0.03 3.43 0.01
