126.60 0.00 0.03 0.00 0.00
126.95 0.00 0.03 0.00 0.00
126.60 0.00 0.03 0.00 0.00
126.95 0.00 0.03 0.05 0.08
130.14 0.00 0.03 0.18 0.24
134.03 0.00 0.03 0.18 0.33
136.86 0.00 0.03 0.45 0.65
138.98 0.00 0.03 0.78 0.99
139.69 0.00 0.03 0.78 0.99
140.75 0.00 0.03 1.04 0.99
140.04 0.00 0.03 1.00 1.23
136.15 0.00 0.03 1.03 1.30
120.24 0.00 0.03 0.95 1.10
96.19 0.00 0.03 0.56 0.49
96.90 0.00 0.03 0.25 0.26
97.96 0.00 0.03 1.17 0.26
98.31 0.00 0.03 2.05 1.88
97.96 0.00 0.03 2.05 1.86
98.66 0.00 0.03 2.62 2.60
102.20 0.00 0.03 2.62 2.60
105.38 0.00 0.03 3.21 3.07
107.50 0.00 0.03 3.57 3.34
109.98 0.00 0.03 3.57 3.09
113.16 0.00 0.03 3.64 3.27
115.28 0.00 0.03 3.84 3.35
117.76 0.00 0.03 3.95 3.36
119.17 0.00 0.03 4.01 3.36
121.30 0.00 0.03 4.10 3.40
124.13 0.00 0.03 4.17 3.51
124.48 0.00 0.03 4.32 3.51
124.13 0.00 3.76 4.32 3.24
124.48 0.00 3.76 4.13 3.24
124.48 0.00 3.64 4.39 3.74
124.13 0.00 3.40 4.04 3.35
124.13 0.00 3.19 3.68 2.94
123.77 0.00 3.01 3.17 2.31
123.42 0.00 2.65 2.49 1.49
121.65 0.00 2.16 1.66 0.55
120.24 0.00 1.56 0.68 0.53
119.88 0.00 0.80 0.29 1.56
119.53 0.00 0.03 1.18 2.47
117.05 0.00 0.58 1.95 3.18
115.64 0.00 1.02 2.51 3.76
113.52 0.00 1.35 2.93 3.76
112.81 0.00 0.53 2.31 3.63
112.46 0.00 1.10 2.85 3.63
112.46 0.00 1.10 2.85 4.06
112.46 0.00 1.42 2.85 2.77
112.46 0.00 1.42 4.26 2.77
112.81 0.00 1.42 5.47 2.77
110.33 0.00 2.70 3.84 2.77
108.57 0.00 1.37 2.27 3.42
106.44 0.00 1.10 1.63 2.82
105.74 0.00 1.10 2.95 4.01
106.09 0.00 1.10 3.95 4.01
106.09 0.00 1.51 3.95 4.01
106.09 0.00 1.51 1.72 4.01
106.44 0.00 1.51 1.86 3.11
107.15 0.00 0.82 0.99 3.11
107.50 0.00 0.82 0.99 2.39
107.86 0.00 0.82 0.99 2.39
108.57 0.00 0.15 0.45 1.96
108.92 0.00 0.15 0.45 1.96
109.98 0.00 0.15 1.98 3.21
109.98 0.00 0.15 1.98 4.19
109.98 0.00 1.68 1.78 2.90
109.98 0.00 1.68 2.89 3.78
110.33 0.00 1.36 1.50 2.48
111.75 0.00 0.32 0.41 1.48
113.52 0.00 0.41 0.45 0.69
115.99 0.00 0.98 1.12 0.06
118.11 0.00 1.39 1.66 0.06
118.11 0.00 2.75 2.98 1.52
118.47 0.00 2.54 2.89 1.40
117.76 0.00 2.30 2.81 1.40
117.76 0.00 3.35 3.82 1.40
117.41 0.00 4.10 4.61 2.85
117.76 0.00 3.07 3.89 2.18
117.76 0.00 2.26 3.37 1.68
117.41 0.00 1.69 3.04 1.35
117.41 0.00 1.22 2.82 1.11
117.41 0.00 0.88 2.65 0.92
117.05 0.00 0.53 2.49 0.92
116.70 0.00 1.72 3.61 1.71
115.99 0.00 0.95 3.08 1.71
115.64 0.00 2.01 4.18 1.71
115.28 0.00 2.84 4.99 1.71
115.28 0.00 3.50 5.66 3.54
115.28 0.00 2.15 4.52 2.60
115.64 0.00 1.23 4.52 0.23
115.64 0.00 1.23 2.41 0.84
115.99 0.00 1.23 3.25 1.67
115.64 0.00 1.23 3.93 2.34
116.35 0.00 1.23 4.56 2.94
118.11 0.00 1.49 3.91 2.42
118.82 0.00 0.98 3.56 2.42
119.53 0.00 0.98 5.84 4.06
120.24 0.00 0.98 5.84 4.06
120.24 0.00 0.98 5.84 4.06
120.59 0.00 0.98 5.84 4.06
120.24 0.00 0.98 5.84 2.55
121.65 0.00 0.98 5.01 3.43
122.00 0.00 0.98 5.87 4.22
123.06 0.00 0.98 6.65 4.22
125.54 0.00 0.98 8.94 4.22
128.72 0.00 0.98 11.17 4.22
131.55 0.00 0.98 13.38 10.73
134.03 0.00 0.98 13.40 10.65
133.67 0.00 0.98 13.92 11.02
136.15 0.00 0.98 15.00 11.87
138.62 0.00 0.98 16.56 13.09
140.75 0.00 0.98 18.52 14.76
142.16 0.00 11.79 18.20 14.43
142.51 0.00 11.79 21.17 14.43
142.51 0.00 11.79 27.50 22.68
142.16 0.00 11.79 29.04 24.16
142.16 0.00 11.79 30.38 25.50
141.45 0.00 11.79 31.46 26.63
138.98 0.00 11.79 32.30 27.54
137.21 0.00 11.79 32.97 28.26
136.15 0.00 11.79 33.41 28.78
135.44 0.00 11.79 33.68 29.06
135.80 0.00 11.79 33.75 29.06
135.44 0.00 11.79 37.71 32.53
135.44 0.00 11.79 36.55 31.47
135.09 0.00 11.79 35.49 31.47
134.73 0.00 11.79 38.87 33.45
134.38 0.00 11.79 36.99 33.45
134.73 0.00 11.79 39.90 33.45
133.67 0.00 11.79 42.31 33.45
133.67 0.00 11.79 44.32 33.45
133.67 0.00 11.79 45.98 39.69
132.97 0.00 11.79 41.86 39.69
132.97 0.00 35.47 38.13 32.89
131.91 0.00 35.47 35.74 30.86
129.43 0.00 35.47 33.61 30.86
126.60 0.00 35.47 35.34 30.46
126.60 0.00 25.57 27.43 23.47
124.83 0.00 25.57 24.56 20.93
124.48 0.00 17.31 18.15 15.20
124.48 0.00 12.36 12.84 10.48
124.83 0.00 12.36 10.36 8.22
124.13 0.00 12.36 7.85 5.99
123.77 0.00 4.37 4.26 5.99
124.13 0.00 4.37 4.07 2.74
124.48 0.00 4.37 2.80 1.68
124.13 0.00 0.65 1.20 0.33
124.83 0.00 0.65 1.27 0.44
127.31 0.00 0.65 1.86 0.44
129.78 0.00 0.65 3.69 0.44
131.91 0.00 0.65 5.92 4.53
133.67 0.00 0.65 7.41 4.53
135.80 0.00 0.65 10.83 8.68
136.15 0.00 0.65 12.83 10.29
136.50 0.00 0.65 15.13 12.21
137.56 0.00 0.65 17.66 14.37
137.56 0.00 0.65 20.13 16.48
137.92 0.00 0.65 22.33 18.44
137.92 0.00 0.65 24.17 20.09
136.50 0.00 0.65 25.61 21.48
134.73 0.00 0.65 26.78 22.60
134.73 0.00 0.65 27.62 23.41
134.03 0.00 0.65 28.20 23.96
132.61 0.00 0.65 28.45 24.23
130.84 0.00 0.65 28.32 24.16
127.31 0.00 0.65 27.68 24.16
125.89 0.00 0.65 29.94 24.16
126.25 0.00 0.65 30.97 26.42
125.54 0.00 0.65 26.86 26.42
124.13 0.00 0.65 26.26 22.27
124.48 0.00 0.65 21.40 17.90
124.48 0.00 0.65 16.96 13.98
124.83 0.00 0.65 13.18 10.64
124.83 0.00 0.65 10.23 10.64
124.48 0.00 0.65 10.09 7.99
124.48 0.00 0.65 8.41 6.57
124.48 0.00 0.65 7.57 5.88
124.83 0.00 0.65 7.47 5.88
124.48 0.00 0.65 9.44 7.55
124.83 0.00 0.65 10.27 8.33
124.83 0.00 0.65 11.85 9.75
125.19 0.00 0.65 14.08 11.74
125.54 0.00 9.47 14.83 12.48
125.54 0.00 9.47 18.26 15.56
126.25 0.00 9.47 21.40 18.48
125.89 0.00 9.47 24.07 20.95
125.54 0.00 17.55 23.22 20.34
125.54 0.00 17.55 25.47 22.44
125.54 0.00 17.55 27.17 24.05
125.54 0.00 17.55 28.49 25.34
125.89 0.00 17.55 29.56 26.32
125.89 0.00 17.55 30.33 27.03
125.89 0.00 17.55 30.86 27.03
125.89 0.00 17.55 34.02 30.21
124.48 0.00 17.55 33.22 29.33
120.94 0.00 24.91 28.33 24.62
119.17 0.00 24.91 27.81 23.35
118.47 0.00 24.91 26.53 21.20
118.47 0.00 24.91 24.47 18.37
118.47 0.00 24.91 21.91 15.24
118.11 0.00 24.91 19.09 12.11
119.17 0.00 24.91 16.32 9.38
118.47 0.00 24.91 16.32 3.23
118.47 0.00 24.91 8.53 2.63
118.82 0.00 24.91 7.96 2.40
118.47 0.00 24.91 7.71 2.63
119.17 0.00 24.91 7.83 3.41
120.94 0.00 24.91 8.41 4.82
122.36 0.00 24.91 8.41 2.90
122.71 0.00 24.91 8.01 7.08
122.36 0.00 24.91 11.75 11.46
121.65 0.00 24.91 15.61 15.69
122.00 0.00 24.91 19.34 19.61
122.00 0.00 24.91 22.86 23.08
122.00 0.00 24.91 25.98 25.94
122.00 0.00 24.91 25.98 25.86
122.00 0.00 24.91 28.30 27.70
122.00 0.00 24.91 29.86 28.65
121.30 0.00 24.91 30.56 28.68
120.94 0.00 24.91 30.45 27.68
119.17 0.00 24.91 29.54 25.80
116.70 0.00 24.91 29.54 21.29
115.99 0.00 24.91 24.01 18.51
115.99 0.00 24.91 21.63 15.36
115.64 0.00 12.76 16.66 10.21
115.99 0.00 12.76 14.39 7.70
115.64 0.00 12.76 12.15 5.47
115.28 0.00 4.19 12.15 1.61
115.99 0.00 4.19 3.99 1.73
115.64 0.00 4.19 3.99 6.55
115.64 0.00 4.19 0.27 5.00
115.28 0.00 4.19 0.27 8.81
115.28 0.00 4.19 0.27 11.73
115.64 0.00 4.19 0.27 13.65
115.28 0.00 4.19 6.42 8.25
115.28 0.00 4.19 6.42 8.99
115.99 0.00 4.19 2.31 2.74
117.05 0.00 4.19 3.23 3.40
116.70 0.00 4.19 8.81 9.62
117.05 0.00 4.19 14.41 15.36
116.70 0.00 4.19 19.46 20.12
115.99 0.00 4.19 23.53 23.85
115.64 0.00 4.19 26.64 26.61
115.64 0.00 4.19 28.91 28.36
115.64 0.00 4.19 30.31 29.36
115.64 0.00 4.19 31.04 29.77
115.64 0.00 4.19 31.31 29.78
115.64 0.00 4.19 31.23 29.49
115.64 0.00 4.19 30.93 29.04
115.64 0.00 4.19 30.59 28.66
115.64 0.00 24.45 26.68 25.20
115.64 0.00 24.45 27.46 25.70
115.64 0.00 24.45 28.08 25.97
114.93 0.00 24.45 28.41 25.94
114.22 0.00 24.45 28.33 25.43
114.58 0.00 24.45 27.66 24.40
114.58 0.00 24.45 26.54 23.05
114.22 0.00 24.45 25.18 21.51
114.58 0.00 24.45 23.71 19.96
114.58 0.00 16.91 19.60 16.20
114.58 0.00 16.91 18.94 15.35
114.58 0.00 16.91 18.10 14.35
114.22 0.00 16.91 17.19 13.37
114.22 0.00 16.91 17.19 10.00
114.58 0.00 16.91 17.19 6.97
114.22 0.00 16.91 10.80 7.62
114.22 0.00 16.91 10.80 4.71
114.58 0.00 16.91 8.87 5.54
114.93 0.00 16.91 9.64 5.89
114.93 0.00 16.91 10.08 6.05
115.64 0.00 16.91 10.36 6.15
115.28 0.00 16.91 10.54 6.15
115.64 0.00 16.91 14.45 9.81
115.64 0.00 16.91 14.45 5.91
115.28 0.00 16.91 10.32 6.48
115.28 0.00 16.91 10.74 6.98
115.64 0.00 16.91 11.08 7.32
115.28 0.00 16.91 11.33 7.59
115.28 0.00 16.91 11.61 7.59
115.28 0.00 16.91 15.21 7.59
115.28 0.00 16.91 18.57 13.99
115.28 0.00 16.91 17.73 13.48
115.28 0.00 16.91 17.60 13.78
115.28 0.00 16.91 18.27 14.94
115.28 0.00 16.91 19.73 16.89
115.28 0.00 16.91 22.01 19.56
114.93 0.00 16.91 24.84 22.60
115.28 0.00 16.91 27.81 25.60
114.93 0.00 16.91 30.51 28.09
114.58 0.00 16.91 32.63 29.90
114.22 0.00 16.91 33.99 30.90
111.39 0.00 16.91 34.55 31.03
109.98 0.00 16.91 34.30 30.32
107.15 0.00 16.91 33.18 28.72
103.61 0.00 24.59 27.56 23.14
102.55 0.00 24.59 25.71 20.89
101.85 0.00 24.59 23.12 18.05
102.20 0.00 24.59 20.10 15.02
101.85 0.00 24.59 17.05 12.04
102.20 0.00 24.59 14.19 9.41
101.85 0.00 24.59 11.80 9.41
101.85 0.00 24.59 11.80 7.41
102.20 0.00 24.59 10.15 6.16
102.20 0.00 24.59 9.28 5.62
102.55 0.00 24.59 9.17 5.84
102.55 0.00 24.59 9.91 6.71
102.91 0.00 24.59 11.38 8.08
102.55 0.00 24.59 13.39 8.08
102.20 0.00 11.27 16.84 12.62
102.20 0.00 11.27 18.38 13.69
102.20 0.00 11.58 17.52 12.62
102.20 0.00 11.58 18.34 13.12
102.20 0.00 11.58 18.63 13.28
102.20 0.00 11.58 18.64 13.43
102.20 0.00 11.58 18.63 13.69
102.20 0.00 11.58 18.55 13.97
102.91 0.00 11.58 18.39 14.37
102.55 0.00 11.58 18.29 15.14
102.55 0.00 11.58 18.38 16.30
99.72 0.00 11.58 18.80 17.74
96.19 0.00 11.58 19.52 19.00
94.42 0.00 11.58 20.26 19.87
94.42 0.00 11.58 20.75 20.34
93.71 0.00 11.58 21.02 20.34
94.42 0.00 11.58 21.02 20.63
94.42 0.00 11.58 21.36 20.88
94.42 0.00 11.58 21.80 21.22
94.42 0.00 11.58 22.42 21.57
94.42 0.00 11.58 23.26 21.86
94.42 0.00 11.58 24.24 22.04
94.77 0.00 11.58 25.06 21.86
94.42 0.00 11.58 25.49 21.29
94.77 0.00 11.58 25.44 20.39
94.42 0.00 17.47 22.38 17.09
94.77 0.00 14.64 19.96 14.66
94.42 0.00 14.64 19.89 14.52
94.77 0.00 14.64 19.67 14.52
94.42 0.00 14.64 24.04 18.27
94.07 0.00 14.64 22.67 17.26
94.42 0.00 14.64 21.61 16.51
95.13 0.00 14.64 20.78 16.01
95.13 0.00 14.64 20.12 15.71
95.83 0.00 14.64 19.59 15.60
99.02 0.00 14.64 19.27 15.68
103.61 0.00 14.64 19.07 15.96
112.46 0.00 14.64 19.13 16.42
117.05 0.00 14.64 19.40 17.01
119.17 0.00 14.64 19.82 17.74
121.65 0.00 15.15 18.12 16.70
122.00 0.00 15.15 19.37 18.33
122.00 0.00 15.15 20.71 20.13
121.65 0.00 15.15 22.19 21.91
121.30 0.00 15.15 23.65 23.55
121.65 0.00 15.15 24.90 25.00
120.59 0.00 15.15 26.03 26.34
