135.80 0.00 0.03 0.00 0.00
136.15 0.00 0.03 0.00 0.00
136.15 0.00 0.03 0.00 0.05
136.15 0.00 0.03 0.08 0.18
135.80 0.00 0.03 0.08 0.35
135.80 0.00 0.03 0.31 0.60
135.80 0.00 0.03 0.49 0.90
136.50 0.00 0.03 0.70 1.18
134.03 0.00 0.03 0.90 1.45
131.91 0.00 0.03 0.90 1.98
130.14 0.00 0.03 1.50 2.07
129.78 0.00 1.90 1.25 1.94
129.08 0.00 1.83 0.97 1.79
128.37 0.00 1.83 0.75 1.64
128.37 0.00 1.83 0.54 1.50
126.60 0.00 1.40 0.37 1.40
125.89 0.00 1.40 0.41 1.53
126.25 0.00 1.38 0.44 1.59
126.25 0.00 1.39 0.54 1.59
124.83 0.00 0.51 0.54 1.59
124.13 0.00 0.51 0.54 1.62
123.06 0.00 0.51 0.78 1.62
122.00 0.00 0.51 0.14 1.34
122.36 0.00 1.17 0.52 1.34
122.00 0.00 1.17 0.08 1.34
122.00 0.00 0.03 0.61 1.34
122.00 0.00 0.03 1.03 0.23
121.65 0.00 0.03 1.03 1.28
121.30 0.00 0.03 1.03 2.10
122.00 0.00 0.03 1.39 2.06
122.71 0.00 0.03 1.39 2.52
123.77 0.00 2.29 1.45 1.90
124.83 0.00 2.29 1.07 1.43
124.48 0.00 2.29 0.62 0.94
124.13 0.00 2.29 0.15 0.49
124.48 0.00 2.29 0.34 0.03
124.48 0.00 0.11 0.71 0.40
124.83 0.00 0.11 1.20 0.40
124.83 0.00 0.11 1.20 0.87
124.48 0.00 0.11 1.20 0.62
124.48 0.00 0.11 1.44 1.17
124.48 0.00 0.11 1.44 0.97
124.83 0.00 0.11 1.79 0.97
125.54 0.00 0.11 2.69 2.34
127.31 0.00 0.11 3.48 2.34
128.02 0.00 0.11 4.92 2.34
129.78 0.00 0.11 6.77 5.86
129.78 0.00 0.11 8.21 5.86
129.78 0.00 7.07 9.81 8.42
129.43 0.00 7.30 10.41 8.81
129.78 0.00 7.73 11.06 9.28
129.78 0.00 8.18 11.54 9.62
129.78 0.00 8.52 11.54 7.03
129.78 0.00 8.52 10.40 7.03
129.78 0.00 8.52 13.16 11.12
129.08 0.00 8.52 13.61 11.12
129.78 0.00 8.52 15.60 13.34
129.43 0.00 8.52 15.23 13.34
130.14 0.00 8.52 15.23 13.05
131.55 0.00 8.52 15.23 11.21
131.91 0.00 8.52 13.41 11.21
132.26 0.00 8.52 15.38 13.28
132.61 0.00 8.52 15.38 13.28
132.97 0.00 8.52 15.18 13.15
132.97 0.00 8.52 14.97 13.15
132.97 0.00 8.52 16.43 14.33
133.32 0.00 8.52 15.82 13.85
132.97 0.00 8.52 15.36 13.85
132.61 0.00 8.52 16.63 14.50
133.32 0.00 8.52 15.84 13.73
132.97 0.00 8.52 15.84 11.75
132.97 0.00 8.52 15.84 9.66
134.03 0.00 8.52 11.57 8.97
134.03 0.00 8.52 11.57 5.93
134.03 0.00 8.52 11.57 2.43
133.67 0.00 8.52 5.31 1.04
134.73 0.00 8.52 5.31 3.32
137.56 0.00 8.52 5.31 7.66
140.04 0.00 8.52 5.31 11.81
140.75 0.00 8.52 7.15 11.50
140.75 0.00 8.52 7.15 15.24
140.04 0.00 8.52 10.19 13.97
138.98 0.00 8.52 9.12 12.81
138.27 0.00 8.52 9.12 15.76
138.27 0.00 8.52 10.64 13.46
138.62 0.00 8.52 8.55 11.10
137.92 0.00 8.52 6.44 8.67
138.27 0.00 8.52 4.28 6.12
138.27 0.00 8.52 2.01 3.33
138.27 0.00 8.52 0.47 0.35
138.27 0.00 8.52 0.47 0.40
139.33 0.00 8.52 3.07 3.26
140.04 0.00 8.52 6.31 6.85
139.69 0.00 8.52 9.48 10.16
139.69 0.00 8.52 9.48 11.19
140.04 0.00 8.52 9.48 12.37
139.69 0.00 8.52 14.25 15.13
139.69 0.00 8.52 14.25 15.93
139.69 0.00 8.52 17.31 17.80
139.69 0.00 8.52 18.89 18.86
138.98 0.00 8.52 18.89 18.25
137.56 0.00 8.52 19.24 17.86
134.03 0.00 8.52 18.86 16.67
131.20 0.00 8.52 17.73 14.79
130.49 0.00 8.52 16.04 12.42
129.08 0.00 8.52 13.93 9.63
128.72 0.00 8.52 13.93 5.08
128.72 0.00 8.52 7.57 2.60
128.72 0.00 2.36 5.25 0.05
128.72 0.00 2.36 5.25 5.17
128.37 0.00 2.36 1.36 6.76
128.37 0.00 2.36 1.36 11.79
128.72 0.00 2.36 1.36 16.35
129.08 0.00 2.36 11.16 15.89
128.37 0.00 2.36 11.16 19.88
128.37 0.00 2.36 11.16 23.05
128.72 0.00 2.36 16.95 20.00
128.37 0.00 2.36 16.95 21.94
128.37 0.00 2.36 16.03 17.49
129.08 0.00 2.36 16.03 17.68
128.37 0.00 2.36 16.03 16.90
128.37 0.00 2.36 11.59 10.61
128.72 0.00 2.36 5.97 4.62
128.37 0.00 2.36 0.57 0.90
128.02 0.00 2.36 4.34 5.67
128.37 0.00 2.36 8.45 9.44
128.37 0.00 2.36 11.56 12.06
128.02 0.00 2.36 13.53 13.46
128.37 0.00 2.36 14.48 13.98
128.72 0.00 2.36 14.66 13.78
128.37 0.00 2.36 14.26 13.11
128.72 0.00 2.36 13.51 12.18
128.02 0.00 2.36 12.47 11.01
128.02 0.00 2.36 11.22 9.69
128.37 0.00 2.36 9.80 8.19
128.72 0.00 2.36 8.27 6.67
128.37 0.00 2.36 6.72 5.18
128.72 0.00 2.36 5.24 3.81
128.37 0.00 2.36 3.90 2.59
128.02 0.00 2.36 2.71 2.59
128.72 0.00 2.36 2.71 2.59
128.37 0.00 2.36 2.86 1.64
128.02 0.00 2.36 1.97 0.77
129.78 0.00 2.36 1.39 0.09
130.84 0.00 2.36 1.07 0.33
131.20 0.00 2.36 1.15 0.39
131.91 0.00 2.36 1.69 0.06
132.26 0.00 2.36 2.65 0.69
132.61 0.00 2.36 4.06 1.84
132.26 0.00 2.36 5.83 3.28
132.61 0.00 2.36 7.85 5.01
133.67 0.00 2.36 10.03 5.01
134.03 0.00 2.36 14.95 11.24
133.67 0.00 2.36 16.50 12.64
134.73 0.00 2.36 18.08 14.06
135.44 0.00 2.36 19.55 15.38
135.09 0.00 2.36 20.83 16.60
135.09 0.00 2.36 21.85 17.57
134.73 0.00 2.36 22.43 18.16
134.38 0.00 2.36 22.58 18.39
132.97 0.00 16.09 20.19 16.44
132.26 0.00 16.09 19.78 16.21
131.55 0.00 16.09 18.77 15.52
130.49 0.00 16.09 17.35 14.37
130.49 0.00 16.09 15.45 12.76
129.43 0.00 16.09 13.15 12.76
128.72 0.00 16.09 12.59 10.17
128.37 0.00 16.09 9.14 6.98
128.37 0.00 16.09 5.64 3.75
128.37 0.00 16.09 2.28 0.64
128.72 0.00 16.09 0.79 2.13
128.37 0.00 16.09 3.38 4.43
128.37 0.00 16.09 5.44 6.18
128.02 0.00 16.09 6.88 7.39
128.02 0.00 16.09 7.66 8.03
127.66 0.00 16.09 7.90 8.03
126.95 0.00 16.09 7.34 8.03
127.31 0.00 16.09 6.36 8.03
127.31 0.00 16.09 4.82 8.03
127.31 0.00 16.09 2.72 8.03
127.31 0.00 16.09 0.04 8.03
127.31 0.00 16.09 3.25 1.44
127.66 0.00 16.09 5.53 1.44
127.66 0.00 4.91 9.50 6.84
127.66 0.00 4.91 11.81 8.91
128.02 0.00 4.91 14.11 11.00
129.08 0.00 4.91 16.25 12.91
128.72 0.00 4.91 18.05 14.62
129.43 0.00 4.91 18.05 11.71
129.08 0.00 4.91 16.91 13.76
129.08 0.00 4.91 18.48 15.17
128.72 0.00 4.91 19.43 15.96
129.08 0.00 4.91 19.81 16.24
128.37 0.00 4.91 19.56 16.07
127.31 0.00 4.91 18.82 16.07
125.89 0.00 4.91 20.46 16.07
125.54 0.00 4.91 21.04 17.31
125.19 0.00 4.91 17.26 13.97
124.48 0.00 4.91 13.31 10.48
124.13 0.00 4.91 9.32 7.05
124.48 0.00 4.91 5.70 3.94
124.48 0.00 4.91 2.67 1.38
124.13 0.00 4.91 0.35 0.46
123.77 0.00 4.91 1.16 1.69
123.77 0.00 4.91 2.01 2.47
123.77 0.00 4.91 2.38 2.93
120.94 0.00 4.91 2.51 3.31
119.88 0.00 4.91 2.62 3.90
117.05 0.00 4.91 2.96 4.87
115.28 0.00 4.91 3.57 6.08
113.87 0.00 4.91 4.50 7.56
113.87 0.00 4.91 5.61 9.07
113.87 0.00 4.91 6.79 10.46
113.52 0.00 4.91 7.95 11.66
113.52 0.00 4.91 7.95 14.84
113.87 0.00 4.91 11.73 14.59
113.16 0.00 4.91 11.38 13.83
113.16 0.00 4.91 10.45 12.44
113.52 0.00 10.80 7.31 9.07
113.52 0.00 7.91 4.16 5.78
113.87 0.00 5.09 1.02 2.60
113.87 0.00 5.09 1.78 0.29
113.52 0.00 5.09 4.93 3.54
113.16 0.00 5.09 8.39 6.96
114.22 0.00 5.09 11.91 10.34
116.35 0.00 5.09 15.31 13.49
117.76 0.00 5.09 18.37 16.38
118.47 0.00 5.09 21.12 18.96
118.47 0.00 5.09 23.46 21.13
118.82 0.00 5.09 25.31 21.13
118.47 0.00 5.09 28.64 25.60
118.11 0.00 5.09 28.44 25.26
116.70 0.00 5.09 27.60 24.30
113.52 0.00 5.09 26.09 22.57
110.33 0.00 5.09 23.87 20.05
109.63 0.00 5.09 20.95 16.74
108.92 0.00 5.09 17.34 12.92
109.27 0.00 5.09 13.34 8.71
108.57 0.00 5.09 9.08 4.41
108.57 0.00 5.09 4.88 0.30
108.92 0.00 5.09 0.98 3.41
108.92 0.00 5.09 2.48 6.62
108.92 0.00 5.09 5.37 9.18
108.57 0.00 5.09 5.37 12.45
108.92 0.00 5.09 10.32 13.32
108.92 0.00 5.09 10.85 13.60
109.27 0.00 5.09 10.83 13.31
108.92 0.00 5.09 10.17 12.33
108.92 0.00 5.09 8.86 10.79
108.92 0.00 5.09 6.98 8.74
108.92 0.00 5.09 4.57 6.09
109.27 0.00 5.09 1.58 3.00
109.27 0.00 5.09 1.83 0.43
111.75 0.00 5.09 5.55 4.12
114.93 0.00 5.09 9.48 8.00
116.70 0.00 5.09 13.49 11.90
118.82 0.00 10.38 16.11 14.55
119.53 0.00 10.38 20.01 18.17
119.53 0.00 10.38 20.01 16.70
119.88 0.00 10.38 21.81 19.92
119.53 0.00 10.38 24.43 19.92
119.88 0.00 10.38 28.14 25.35
119.53 0.00 10.38 28.67 25.68
118.82 0.00 22.44 25.68 22.89
116.35 0.00 22.44 25.45 22.38
113.16 0.00 22.44 24.24 20.82
110.69 0.00 22.44 21.94 18.23
109.27 0.00 22.44 18.73 14.76
109.63 0.00 22.44 14.90 10.75
109.98 0.00 22.44 10.68 6.39
109.63 0.00 22.44 6.34 2.11
109.63 0.00 22.44 2.24 1.77
109.63 0.00 22.44 1.32 4.98
109.98 0.00 22.44 4.16 7.40
110.33 0.00 22.44 4.16 10.14
110.69 0.00 22.44 8.53 10.95
111.75 0.00 22.44 9.01 11.14
112.46 0.00 22.44 8.90 10.73
112.46 0.00 22.44 8.28 9.78
113.87 0.00 22.44 7.23 8.37
116.35 0.00 22.44 5.77 6.52
116.70 0.00 22.44 3.98 4.37
116.35 0.00 22.44 1.92 2.08
117.76 0.00 22.44 0.12 0.06
123.06 0.00 22.44 0.12 0.32
123.77 0.00 22.44 0.12 0.86
123.42 0.00 0.84 0.12 1.55
123.77 0.00 0.84 3.24 3.90
123.77 0.00 0.84 3.24 4.75
123.77 0.00 0.84 5.99 6.79
123.77 0.00 6.02 6.95 7.91
123.42 0.00 6.02 8.52 9.63
123.77 0.00 6.02 9.97 11.30
123.77 0.00 6.02 11.34 12.86
123.77 0.00 6.02 12.61 14.37
123.77 0.00 6.02 13.83 15.84
122.36 0.00 6.02 15.07 17.33
122.36 0.00 6.02 16.42 18.86
120.59 0.00 6.02 16.42 21.26
117.05 0.00 6.02 19.75 22.22
117.41 0.00 6.02 20.54 22.22
114.93 0.00 6.02 19.18 21.76
117.05 0.00 6.02 20.28 22.77
120.94 0.00 6.02 21.20 23.71
127.66 0.00 6.02 21.20 25.94
132.26 0.00 6.02 23.92 26.21
137.56 0.00 6.02 24.12 26.30
148.88 0.00 23.02 24.12 25.16
146.76 0.00 23.02 24.12 26.89
146.76 0.00 23.02 24.12 28.35
146.40 0.00 23.02 24.12 29.71
146.40 0.00 23.02 27.13 29.71
147.11 0.00 23.02 27.13 28.69
146.76 0.00 23.02 27.13 30.11
147.11 0.00 26.30 27.13 28.11
147.11 0.00 26.30 27.13 29.73
147.11 0.00 26.30 27.19 28.88
146.76 0.00 26.30 27.19 28.88
147.11 0.00 26.30 27.19 30.40
146.76 0.00 26.30 27.19 30.40
146.76 0.00 26.30 27.82 29.43
146.76 0.00 26.30 27.02 28.69
146.76 0.00 26.30 27.02 28.69
147.11 0.00 26.30 27.02 30.19
146.76 0.00 26.30 27.02 30.19
146.76 0.00 26.30 27.02 31.45
146.76 0.00 26.30 28.73 31.45
146.76 0.00 25.06 28.73 26.94
147.11 0.00 25.06 24.70 26.94
147.11 0.00 25.06 24.70 26.58
147.11 0.00 25.06 24.44 26.31
146.76 0.00 25.06 24.44 26.31
146.76 0.00 25.06 24.44 27.98
146.40 0.00 25.06 24.44 29.48
146.76 0.00 25.06 24.44 29.48
147.11 0.00 25.06 24.44 30.74
147.11 0.00 25.06 24.44 30.74
147.11 0.00 25.06 24.44 30.74
146.76 0.00 25.06 24.44 30.74
147.11 0.00 25.06 24.44 30.74
147.11 0.00 25.06 24.44 31.89
147.11 0.00 25.06 24.44 31.89
146.76 0.00 25.06 24.44 31.89
146.76 0.00 25.06 24.44 31.89
147.11 0.00 25.06 24.44 31.89
147.11 0.00 25.06 24.44 32.85
147.11 0.00 25.06 29.86 31.03
147.11 0.00 25.06 29.86 31.03
146.76 0.00 25.06 29.86 31.03
146.76 0.00 25.06 29.86 31.03
146.76 0.00 25.06 29.86 32.10
147.47 0.00 27.95 25.55 32.10
147.11 0.00 27.95 25.55 32.10
146.76 0.00 27.95 25.55 32.10
