148.17 0.00 0.00 0.00 0.00
147.82 0.00 0.00 0.00 0.00
147.82 0.00 0.00 0.00 0.00
146.05 0.00 0.00 0.00 0.00
141.81 0.00 0.00 0.00 0.03
135.09 0.00 0.00 0.01 0.01
125.89 0.00 0.00 0.08 0.14
121.30 0.00 0.00 0.08 0.14
119.53 0.00 0.00 0.17 0.19
117.05 0.00 0.00 0.17 0.17
114.93 0.00 0.00 0.23 0.12
114.93 0.00 0.00 0.23 0.03
114.58 0.00 0.00 0.20 0.05
114.58 0.00 0.00 0.18 0.05
113.16 0.00 0.00 0.43 0.05
109.98 0.00 0.00 0.43 0.05
107.15 0.00 0.00 0.43 0.05
105.74 0.00 0.00 0.43 0.19
104.32 0.00 0.00 0.48 0.29
102.91 0.00 0.00 0.61 0.35
102.55 0.00 0.00 0.61 0.08
102.91 0.00 0.00 0.39 0.02
102.91 0.00 0.06 0.33 0.02
102.91 0.00 0.37 0.51 0.22
103.61 0.00 0.37 0.23 0.22
103.61 0.00 0.52 0.05 0.09
102.55 0.00 0.32 0.39 0.43
102.20 0.00 0.12 0.66 0.43
101.85 0.00 0.12 1.39 0.43
99.72 0.00 0.76 1.52 1.46
99.37 0.00 0.76 2.17 2.12
99.37 0.00 0.76 2.84 2.74
98.31 0.00 1.90 2.73 2.74
97.25 0.00 1.90 3.56 3.56
96.90 0.00 1.90 4.32 4.26
96.19 0.00 3.26 4.32 3.39
95.13 0.00 3.26 4.32 3.54
94.77 0.00 3.26 4.34 3.54
94.77 0.00 3.26 4.34 4.33
94.77 0.00 3.26 5.12 4.96
94.42 0.00 3.26 5.72 5.44
94.07 0.00 3.26 6.09 5.44
94.07 0.00 3.26 6.71 6.34
94.07 0.00 3.26 7.02 6.66
94.77 0.00 3.26 7.43 7.06
95.48 0.00 3.26 7.91 7.53
96.90 0.00 3.26 8.50 8.13
99.02 0.00 3.26 9.20 8.88
102.20 0.00 3.26 9.99 9.70
104.32 0.00 3.26 10.67 10.47
106.09 0.00 8.73 9.72 9.83
108.57 0.00 8.73 10.60 10.77
111.75 0.00 8.73 11.28 11.55
113.52 0.00 8.73 11.73 12.12
115.99 0.00 8.73 11.92 12.46
117.76 0.00 8.73 11.81 12.60
117.41 0.00 8.73 11.43 12.40
117.76 0.00 8.73 10.72 11.92
118.11 0.00 8.73 9.67 11.09
117.41 0.00 8.73 8.41 10.03
116.70 0.00 8.73 6.95 8.72
117.05 0.00 8.73 5.26 7.06
116.70 0.00 8.73 3.28 5.07
116.70 0.00 8.73 1.09 2.79
117.05 0.00 8.73 1.34 0.18
117.41 0.00 8.73 4.11 2.82
117.41 0.00 8.73 7.14 6.09
116.70 0.00 8.73 10.30 9.57
117.05 0.00 8.73 13.60 13.12
117.76 0.00 8.73 16.80 16.58
119.53 0.00 8.73 19.72 19.76
119.17 0.00 8.73 22.31 22.61
118.47 0.00 8.73 24.44 24.95
116.70 0.00 8.73 26.03 26.89
115.28 0.00 8.73 27.27 28.55
110.33 0.00 8.73 28.13 29.80
105.74 0.00 8.73 28.59 30.42
103.26 0.00 8.73 28.46 30.26
101.14 0.00 8.73 27.61 30.26
96.90 0.00 8.73 24.53 26.97
95.48 0.00 8.73 23.25 26.97
95.13 0.00 8.73 19.33 22.21
96.19 0.00 19.73 15.59 18.63
99.37 0.00 19.73 13.95 16.84
102.91 0.00 19.73 11.90 14.61
104.68 0.00 19.73 9.55 12.06
106.09 0.00 19.73 7.05 9.43
107.50 0.00 19.73 4.68 6.91
107.86 0.00 19.73 2.43 4.41
108.92 0.00 19.73 0.30 1.97
111.04 0.00 19.73 1.75 0.40
112.46 0.00 19.73 3.67 2.67
114.22 0.00 19.73 5.47 4.77
117.76 0.00 19.73 7.04 6.68
120.59 0.00 19.73 8.43 8.39
122.71 0.00 19.73 9.74 9.94
127.31 0.00 19.73 10.87 11.37
133.67 0.00 19.73 11.76 12.55
137.92 0.00 19.73 12.38 13.36
141.81 0.00 19.73 12.68 13.90
144.99 0.00 19.73 12.61 14.01
145.70 0.00 19.73 12.09 13.73
145.34 0.00 19.73 11.21 13.15
145.70 0.00 19.73 10.07 12.25
145.34 0.00 19.73 8.61 10.93
144.99 0.00 19.73 6.74 9.16
143.93 0.00 19.73 4.57 7.05
141.81 0.00 5.83 0.99 3.56
138.98 0.00 5.83 1.57 0.97
137.56 0.00 5.83 4.37 1.92
136.15 0.00 5.83 7.34 5.05
136.50 0.00 5.83 10.39 8.29
136.50 0.00 5.83 13.44 11.58
135.80 0.00 5.83 16.35 14.89
134.03 0.00 5.83 19.19 18.13
132.97 0.00 5.83 21.88 21.20
132.26 0.00 5.83 24.28 23.92
130.84 0.00 5.83 26.30 26.31
129.08 0.00 5.83 27.89 28.24
126.60 0.00 5.83 29.03 29.68
123.77 0.00 5.83 29.62 30.55
119.88 0.00 5.83 29.61 30.77
117.41 0.00 5.83 28.95 30.77
114.22 0.00 5.83 26.46 30.77
111.39 0.00 5.83 23.52 25.28
111.04 0.00 5.83 21.87 23.52
110.69 0.00 5.83 19.84 21.39
108.57 0.00 5.83 17.54 18.93
108.21 0.00 5.83 15.12 16.33
108.21 0.00 5.83 12.67 13.61
108.57 0.00 5.83 10.21 10.93
108.57 0.00 5.83 7.91 8.38
108.57 0.00 5.83 7.91 8.30
108.57 0.00 5.83 5.71 5.47
109.63 0.00 5.83 3.38 2.99
110.69 0.00 5.83 1.40 0.77
114.22 0.00 5.83 0.32 1.13
117.76 0.00 5.83 1.66 2.71
120.94 0.00 5.83 2.63 3.96
123.06 0.00 5.83 3.32 4.96
124.48 0.00 5.83 3.79 5.69
126.25 0.00 5.83 3.97 6.11
127.66 0.00 5.83 3.85 6.19
127.31 0.00 5.83 3.42 5.86
127.31 0.00 5.83 2.68 5.08
127.66 0.00 5.83 1.69 3.90
127.31 0.00 5.83 0.39 2.45
127.31 0.00 5.83 1.10 0.80
127.66 0.00 5.83 2.68 1.03
126.95 0.00 5.83 4.32 2.91
126.25 0.00 5.83 6.13 5.04
125.19 0.00 5.83 8.17 7.39
122.71 0.00 5.83 10.40 10.02
119.53 0.00 5.83 12.78 12.72
119.53 0.00 5.83 15.19 15.31
119.88 0.00 5.83 17.26 17.66
118.82 0.00 15.77 17.35 18.18
118.82 0.00 15.77 19.05 20.08
117.05 0.00 15.77 20.16 21.45
112.46 0.00 15.77 20.77 22.16
112.10 0.00 15.77 20.77 22.20
111.39 0.00 15.77 20.08 21.52
110.69 0.00 15.77 18.77 20.23
110.69 0.00 15.77 17.06 18.43
110.33 0.00 15.77 15.04 16.40
110.69 0.00 15.77 12.91 14.22
110.33 0.00 15.77 10.83 11.92
110.33 0.00 15.77 8.64 9.51
110.69 0.00 15.77 6.50 7.24
110.69 0.00 15.77 4.56 5.06
110.33 0.00 15.77 2.75 2.94
111.04 0.00 15.77 1.08 0.94
112.81 0.00 15.77 0.39 0.84
114.93 0.00 15.77 1.59 2.42
115.28 0.00 15.77 2.60 3.80
116.70 0.00 15.77 3.45 5.03
120.59 0.00 15.77 4.03 5.98
121.30 0.00 15.77 4.36 6.64
122.36 0.00 15.77 4.40 6.94
123.06 0.00 5.64 2.99 5.84
122.36 0.00 5.64 2.67 5.52
122.36 0.00 5.64 1.98 4.83
122.71 0.00 5.64 1.07 3.85
121.30 0.00 5.64 0.15 2.52
118.82 0.00 5.64 1.62 0.88
116.35 0.00 5.64 3.28 0.93
114.58 0.00 5.64 5.08 2.95
113.16 0.00 5.64 7.06 5.17
112.46 0.00 4.96 8.96 7.36
109.98 0.00 4.96 11.19 9.85
108.57 0.00 4.96 13.44 12.40
106.44 0.00 4.96 15.71 14.96
103.97 0.00 4.96 15.71 14.94
104.32 0.00 4.96 17.88 18.11
103.61 0.00 4.96 20.52 20.95
103.61 0.00 4.96 22.77 23.32
103.97 0.00 4.96 24.47 25.25
103.61 0.00 4.96 25.80 26.77
102.91 0.00 4.96 26.63 27.72
101.85 0.00 4.96 26.96 28.19
99.72 0.00 4.96 26.83 28.17
98.66 0.00 4.96 26.32 27.67
98.31 0.00 4.96 25.39 26.73
99.37 0.00 4.96 24.12 25.49
99.02 0.00 4.96 22.63 24.01
98.66 0.00 4.96 21.03 22.39
98.66 0.00 4.96 19.30 20.65
98.66 0.00 4.96 17.52 18.83
99.02 0.00 4.96 15.66 16.89
99.02 0.00 4.96 13.79 14.99
99.02 0.00 4.96 12.00 13.11
99.02 0.00 4.96 10.31 11.29
100.08 0.00 4.96 8.67 9.45
102.20 0.00 4.96 8.67 9.77
107.86 0.00 4.96 7.40 7.53
113.87 0.00 4.96 5.49 5.46
115.99 0.00 4.96 3.73 3.70
116.35 0.00 4.96 2.24 2.31
118.11 0.00 4.96 1.12 1.29
119.17 0.00 4.96 1.12 1.53
121.65 0.00 4.96 0.48 0.96
123.77 0.00 4.96 0.03 0.65
125.54 0.00 4.96 0.03 1.24
125.19 0.00 4.96 0.03 1.80
124.83 0.00 4.96 0.03 2.38
124.83 0.00 4.96 0.03 2.93
125.19 0.00 4.96 0.03 3.50
125.19 0.00 4.96 0.03 4.04
125.54 0.00 4.96 0.03 4.56
124.83 0.00 4.96 3.21 3.93
124.83 0.00 4.96 3.21 4.64
125.54 0.00 4.96 3.23 4.21
125.19 0.00 4.96 2.82 4.12
124.83 0.00 4.96 2.82 5.57
124.83 0.00 4.96 2.82 7.29
124.83 0.00 4.96 5.55 7.76
124.83 0.00 4.96 6.09 8.73
124.83 0.00 4.96 7.08 10.17
124.83 0.00 4.96 8.56 12.00
124.83 0.00 4.96 10.51 14.16
125.19 0.00 4.96 12.89 16.50
124.83 0.00 4.96 15.56 18.96
124.83 0.00 4.96 18.34 21.48
124.83 0.00 4.96 21.20 23.93
