169.74 0.00 0.00 0.00 0.00
170.10 0.00 0.00 0.00 0.00
169.74 0.00 0.00 0.00 0.00
170.10 0.00 0.00 0.03 0.00
169.39 0.00 0.00 0.08 0.00
169.74 0.00 0.00 0.08 0.00
169.74 0.00 0.00 0.08 0.00
169.39 0.00 0.00 0.08 0.00
169.74 0.00 0.00 0.08 0.00
169.39 0.00 0.00 0.08 0.11
169.74 0.00 0.00 0.08 0.11
169.74 0.00 0.00 0.13 0.11
170.45 0.00 0.00 0.13 0.12
170.81 0.00 0.00 0.11 0.12
170.81 0.00 0.00 0.11 0.05
171.87 0.00 0.00 0.01 0.08
176.46 0.00 0.00 0.01 0.08
184.95 0.00 0.00 0.01 0.08
187.78 0.00 0.00 0.07 0.08
188.13 0.00 0.00 0.07 0.08
192.38 0.00 0.00 0.07 0.19
198.39 0.00 0.00 0.07 0.19
208.29 0.00 0.21 0.07 0.19
213.24 0.00 0.21 0.23 0.19
212.18 0.00 0.21 0.23 0.19
209.35 0.00 0.21 0.23 0.29
207.58 0.00 0.21 0.30 0.29
206.52 0.00 0.21 0.30 0.29
199.80 0.00 0.21 0.30 0.30
192.38 0.00 0.21 0.30 0.27
186.37 0.00 0.21 0.30 0.14
179.65 0.00 0.21 0.17 0.14
170.81 0.00 0.21 0.15 0.01
158.07 0.00 0.21 0.15 0.18
143.93 0.00 0.21 0.12 0.18
132.61 0.00 0.21 0.12 0.18
126.60 0.00 0.21 0.10 0.18
118.82 0.00 0.21 0.10 0.22
116.70 0.00 0.21 0.15 0.22
115.99 0.00 0.21 0.15 0.31
112.46 0.00 0.21 0.27 0.31
102.55 0.00 0.21 0.27 0.31
101.85 0.00 0.21 0.27 0.31
102.20 0.00 0.21 0.19 0.31
102.91 0.00 0.21 0.19 0.31
103.61 0.00 0.08 0.07 0.31
103.97 0.00 0.08 0.07 0.08
103.97 0.00 0.08 0.11 0.08
103.97 0.00 0.08 0.15 0.08
103.97 0.00 0.08 0.15 0.00
103.97 0.00 0.08 0.18 0.00
103.61 0.00 0.08 0.29 0.07
103.61 0.00 0.08 0.29 0.16
103.61 0.00 0.08 0.05 0.16
103.97 0.00 0.09 0.12 0.16
103.61 0.00 0.04 0.06 0.41
103.61 0.00 0.04 0.54 0.87
103.97 0.00 0.04 0.54 1.21
103.97 0.00 0.04 1.32 1.65
104.32 0.00 0.04 1.80 2.11
105.03 0.00 0.04 2.29 2.11
105.38 0.00 0.04 2.53 2.80
105.74 0.00 0.04 3.11 3.34
105.74 0.00 0.04 3.68 3.93
105.38 0.00 0.04 4.28 4.59
106.44 0.00 0.04 4.90 5.35
107.86 0.00 0.04 5.48 6.08
109.27 0.00 0.04 6.07 6.86
110.33 0.00 0.04 6.62 7.66
110.33 0.00 0.04 7.17 8.50
110.69 0.00 0.04 7.69 9.31
111.39 0.00 0.04 8.26 10.17
115.64 0.00 0.04 8.87 11.10
118.82 0.00 9.46 8.07 10.81
118.82 0.00 9.46 9.03 11.96
121.30 0.00 9.46 9.71 12.79
123.06 0.00 9.46 10.07 13.24
122.71 0.00 9.46 10.20 13.39
123.06 0.00 9.46 10.06 13.31
123.06 0.00 11.43 7.99 11.42
123.77 0.00 9.82 6.14 9.67
123.42 0.00 8.34 4.49 8.05
123.42 0.00 6.98 3.03 6.51
123.77 0.00 6.98 2.35 5.60
123.42 0.00 6.98 1.38 4.44
123.42 0.00 6.98 0.18 3.04
123.42 0.00 6.98 1.22 1.50
123.77 0.00 6.98 2.74 0.14
123.77 0.00 6.98 4.30 1.86
124.13 0.00 6.98 5.94 3.70
123.77 0.00 6.98 7.63 5.71
123.77 0.00 6.98 9.43 7.82
123.06 0.00 6.98 11.23 9.97
122.71 0.00 6.98 12.97 12.12
123.06 0.00 6.98 14.61 14.14
120.24 0.00 6.98 16.06 15.94
119.53 0.00 6.98 17.27 17.40
118.11 0.00 6.98 18.06 18.49
114.22 0.00 6.98 18.51 19.20
112.81 0.00 6.98 18.68 19.52
112.10 0.00 6.98 18.51 19.47
109.27 0.00 6.98 17.97 19.04
108.21 0.00 6.98 17.10 18.33
106.09 0.00 6.98 16.03 17.35
105.03 0.00 6.98 14.73 16.08
106.44 0.00 6.98 13.17 14.59
106.80 0.00 6.98 11.51 12.96
107.50 0.00 6.98 9.73 11.14
107.15 0.00 6.98 7.87 9.25
106.80 0.00 6.98 5.95 7.26
106.80 0.00 6.98 4.04 5.23
106.80 0.00 6.98 2.09 3.12
107.50 0.00 6.98 0.16 1.00
107.15 0.00 6.98 1.74 1.16
107.86 0.00 6.98 1.74 1.10
108.57 0.00 6.98 3.48 3.53
110.33 0.00 6.98 5.55 5.78
111.39 0.00 6.98 7.38 7.79
113.52 0.00 6.98 8.99 9.55
114.22 0.00 6.98 10.35 11.05
115.99 0.00 6.98 11.44 12.36
117.41 0.00 6.98 12.31 13.43
117.76 0.00 6.98 13.02 14.32
120.24 0.00 6.98 13.57 15.16
122.71 0.00 13.13 12.22 14.29
123.42 0.00 13.13 12.83 15.10
123.77 0.00 13.13 13.08 15.54
123.77 0.00 13.13 13.06 15.70
123.77 0.00 13.13 12.75 15.53
124.48 0.00 13.13 12.15 14.96
123.42 0.00 13.13 11.15 14.00
123.06 0.00 13.13 9.78 12.62
121.30 0.00 13.13 8.09 10.83
118.82 0.00 13.13 6.07 8.71
118.47 0.00 13.13 3.82 6.34
117.76 0.00 13.13 1.40 3.69
117.76 0.00 13.13 1.14 0.94
118.11 0.00 13.13 3.68 1.90
119.17 0.00 13.13 6.20 4.78
119.53 0.00 13.13 8.75 7.72
119.17 0.00 13.13 11.28 10.60
118.82 0.00 13.13 13.69 13.47
116.70 0.00 13.13 15.97 16.13
114.58 0.00 13.13 17.94 18.30
112.81 0.00 13.13 19.28 19.83
109.27 0.00 13.13 20.04 20.80
106.80 0.00 13.13 20.16 21.00
105.03 0.00 13.13 19.62 20.57
103.97 0.00 13.13 18.53 20.57
104.32 0.00 13.13 16.11 17.38
104.32 0.00 13.13 14.57 15.90
104.32 0.00 13.13 12.83 14.29
104.32 0.00 13.13 10.98 12.46
104.68 0.00 13.13 9.02 10.52
105.03 0.00 13.13 7.06 8.50
105.74 0.00 13.13 5.12 6.49
105.74 0.00 13.13 3.18 4.35
106.44 0.00 13.13 1.19 2.16
107.86 0.00 13.13 0.77 0.04
108.57 0.00 13.13 2.64 2.22
110.69 0.00 13.13 4.45 4.29
111.75 0.00 13.13 6.17 6.28
114.58 0.00 13.13 7.77 8.21
117.41 0.00 13.13 9.27 10.07
118.47 0.00 13.13 10.67 11.78
120.59 0.00 13.13 11.84 13.25
123.42 0.00 13.13 12.77 14.46
124.83 0.00 13.13 13.42 15.39
126.95 0.00 13.13 13.78 16.02
129.43 0.00 13.13 13.84 16.34
131.20 0.00 13.13 13.53 16.25
130.84 0.00 13.13 12.78 15.69
130.84 0.00 13.13 11.70 14.70
131.20 0.00 13.13 10.26 13.26
131.20 0.00 13.13 8.42 11.43
130.84 0.00 13.13 6.47 9.42
130.84 0.00 13.13 4.39 7.25
130.84 0.00 13.13 2.23 4.95
129.78 0.00 13.13 0.04 2.57
129.78 0.00 13.13 2.30 0.11
129.08 0.00 13.13 4.58 2.47
128.72 0.00 13.13 7.01 5.21
128.72 0.00 13.13 9.49 8.10
128.37 0.00 13.13 12.10 11.09
127.31 0.00 13.13 14.66 14.13
125.89 0.00 13.13 17.05 16.85
125.54 0.00 13.13 19.01 18.96
123.06 0.00 13.13 20.27 20.42
118.47 0.00 13.13 20.86 21.16
115.99 0.00 13.13 20.79 21.15
114.58 0.00 13.13 20.11 20.59
113.16 0.00 13.13 19.04 20.59
113.16 0.00 13.13 17.14 17.92
113.16 0.00 13.13 15.63 16.42
113.16 0.00 13.13 13.82 14.62
113.16 0.00 13.13 11.85 12.54
113.16 0.00 13.13 9.72 10.32
113.16 0.00 13.13 7.56 8.03
113.52 0.00 13.13 5.39 5.73
113.16 0.00 13.13 3.29 3.50
113.52 0.00 13.13 3.29 3.23
113.52 0.00 13.13 3.29 2.59
113.52 0.00 13.13 0.60 0.11
113.16 0.00 13.13 1.71 2.57
113.52 0.00 13.13 3.82 4.77
113.16 0.00 13.13 5.64 6.76
113.52 0.00 13.13 7.25 8.57
113.87 0.00 13.13 8.51 10.03
114.58 0.00 13.13 9.33 11.15
114.58 0.00 13.13 9.90 11.92
114.58 0.00 13.13 10.17 12.46
114.93 0.00 13.13 10.24 12.80
115.28 0.00 13.13 10.13 12.83
115.99 0.00 13.13 9.71 12.51
116.70 0.00 13.13 9.03 11.87
116.70 0.00 13.13 8.11 10.98
116.35 0.00 13.13 7.06 9.89
116.35 0.00 13.13 5.84 8.64
116.35 0.00 13.13 4.57 7.31
116.35 0.00 13.13 3.32 6.04
116.35 0.00 13.13 2.17 4.90
116.70 0.00 13.13 1.08 3.73
117.05 0.00 13.13 0.07 2.45
116.70 0.00 13.13 1.32 1.05
116.70 0.00 13.13 2.59 0.42
116.70 0.00 13.13 2.59 1.08
115.99 0.00 13.13 2.52 1.12
116.70 0.00 13.13 4.39 3.16
115.99 0.00 13.13 6.04 5.04
114.58 0.00 13.13 7.59 6.89
114.22 0.00 13.13 9.06 8.62
113.16 0.00 13.13 10.31 10.16
111.75 0.00 13.13 11.38 11.41
111.39 0.00 13.13 12.20 12.34
109.98 0.00 13.13 12.74 13.05
108.92 0.00 13.13 13.18 13.56
108.57 0.00 13.13 13.49 13.88
108.57 0.00 13.13 13.68 13.88
108.21 0.00 13.13 13.41 13.88
108.21 0.00 13.13 13.13 13.88
108.57 0.00 13.13 13.13 13.61
108.21 0.00 13.13 13.13 14.08
108.21 0.00 13.13 13.13 14.52
108.92 0.00 13.13 13.13 15.00
108.21 0.00 13.13 14.57 15.09
108.21 0.00 13.13 14.73 15.32
108.21 0.00 13.13 15.12 15.70
108.21 0.00 13.13 15.76 16.13
108.21 0.00 13.13 16.54 16.58
108.57 0.00 13.13 17.29 16.92
108.21 0.00 13.13 17.91 17.01
107.86 0.00 13.13 18.25 16.86
107.86 0.00 13.13 18.26 16.37
107.86 0.00 13.13 17.88 15.45
108.21 0.00 13.61 15.38 12.74
107.86 0.00 13.61 14.44 11.42
108.21 0.00 13.61 12.97 9.70
107.86 0.00 13.61 11.06 7.67
108.21 0.00 13.61 8.85 5.42
107.86 0.00 13.61 6.39 3.06
108.21 0.00 13.61 3.79 0.61
107.86 0.00 13.61 1.12 1.86
108.21 0.00 13.61 1.58 1.86
107.86 0.00 1.29 1.53 4.07
107.86 0.00 1.29 4.32 6.42
107.86 0.00 1.29 6.68 8.34
108.21 0.00 1.29 8.62 9.77
107.86 0.00 1.29 10.05 10.74
106.80 0.00 1.29 11.07 11.32
106.09 0.00 1.29 11.67 11.39
104.68 0.00 1.29 11.67 10.75
102.55 0.00 1.29 11.67 9.82
101.85 0.00 1.29 11.67 8.66
101.49 0.00 1.29 9.30 7.75
101.49 0.00 1.29 8.42 6.63
101.14 0.00 1.29 7.31 5.30
101.14 0.00 1.29 5.97 3.77
101.14 0.00 1.29 4.50 2.12
100.79 0.00 1.29 2.84 0.37
101.14 0.00 1.29 1.04 1.39
101.14 0.00 1.29 0.85 3.21
100.79 0.00 1.29 2.89 5.22
100.79 0.00 1.29 5.18 7.31
100.79 0.00 1.29 7.54 9.41
101.14 0.00 1.29 9.96 11.47
101.14 0.00 1.29 12.30 13.38
101.49 0.00 1.29 14.46 14.94
102.55 0.00 1.29 16.14 15.96
102.91 0.00 1.29 17.16 16.31
102.91 0.00 1.29 17.55 16.07
102.91 0.00 14.15 17.55 12.61
103.26 0.00 14.15 14.28 12.18
103.26 0.00 14.15 13.77 11.16
103.61 0.00 14.15 12.65 9.69
103.97 0.00 14.15 11.10 7.97
103.97 0.00 14.15 9.34 6.07
103.97 0.00 14.15 7.32 4.05
103.97 0.00 14.15 5.10 1.93
105.74 0.00 14.15 2.81 0.20
106.44 0.00 14.15 0.50 2.31
107.50 0.00 14.15 1.79 4.35
108.21 0.00 14.15 3.97 6.21
108.57 0.00 14.15 5.91 7.76
108.92 0.00 14.15 7.49 9.05
108.92 0.00 14.15 8.70 10.06
108.57 0.00 14.15 9.63 10.82
108.92 0.00 14.15 9.63 11.82
108.57 0.00 14.15 9.63 11.82
108.57 0.00 14.15 11.12 11.99
108.57 0.00 10.28 11.12 11.17
108.92 0.00 10.28 11.12 11.85
108.57 0.00 10.28 11.12 12.31
108.21 0.00 10.28 11.12 12.58
108.57 0.00 10.28 11.12 12.68
108.57 0.00 10.28 11.12 12.63
108.57 0.00 10.28 11.78 11.62
108.57 0.00 10.28 10.86 10.50
108.57 0.00 10.28 10.86 9.74
108.57 0.00 8.27 7.89 6.97
108.21 0.00 8.27 6.71 5.36
108.21 0.00 8.27 5.21 3.33
108.57 0.00 2.72 2.78 0.49
108.57 0.00 2.72 0.70 1.95
108.57 0.00 2.72 1.57 4.42
110.33 0.00 2.72 3.81 6.88
111.75 0.00 2.72 6.00 9.28
113.16 0.00 2.72 8.23 11.53
115.99 0.00 2.72 10.37 13.59
116.70 0.00 2.72 12.26 15.41
116.35 0.00 2.72 13.80 16.98
112.46 0.00 2.72 15.08 18.36
109.27 0.00 2.72 16.24 19.51
109.27 0.00 2.72 17.20 20.48
109.63 0.00 2.72 17.20 23.48
108.92 0.00 2.72 20.66 23.86
109.27 0.00 2.72 20.66 26.79
108.92 0.00 2.72 23.45 26.61
106.44 0.00 2.72 23.26 26.58
105.74 0.00 2.72 23.26 29.56
106.09 0.00 2.72 25.78 28.96
102.91 0.00 2.72 25.21 28.51
92.30 0.00 2.72 24.77 28.35
91.94 0.00 2.72 24.50 28.24
101.85 0.00 2.72 24.32 27.95
112.10 0.00 2.72 24.32 31.03
112.10 0.00 2.72 26.79 31.03
111.75 0.00 2.72 23.14 26.88
111.75 0.00 2.72 23.31 26.88
111.39 0.00 2.72 20.28 26.88
111.39 0.00 2.72 17.78 22.25
111.04 0.00 2.72 19.58 22.25
110.33 0.00 2.72 17.35 22.25
110.69 0.00 2.72 15.45 22.25
111.39 0.00 2.72 13.83 18.85
111.75 0.00 2.72 16.75 21.44
113.52 0.00 2.72 18.93 23.30
114.22 0.00 2.72 20.50 23.30
114.58 0.00 2.72 20.50 23.30
114.58 0.00 2.72 20.50 24.71
114.58 0.00 2.72 21.77 24.71
114.58 0.00 2.72 21.77 24.71
114.93 0.00 2.72 21.77 24.71
114.93 0.00 2.72 19.17 23.51
114.93 0.00 2.72 20.64 23.51
114.58 0.00 2.72 18.09 23.51
114.93 0.00 2.72 18.09 22.52
114.93 0.00 2.72 19.68 23.82
115.28 0.00 2.72 20.77 24.73
114.93 0.00 2.72 21.52 24.73
114.93 0.00 2.72 21.52 24.73
114.93 0.00 2.72 21.52 24.73
115.28 0.00 2.72 18.77 24.73
114.93 0.00 2.72 16.41 20.88
114.93 0.00 2.72 18.30 20.88
114.93 0.00 2.72 18.30 22.57
114.58 0.00 2.72 18.30 22.57
114.58 0.00 2.72 18.30 22.57
115.28 0.00 19.82 17.33 22.57
114.58 0.00 19.82 17.33 22.57
113.16 0.00 19.82 17.33 21.76
113.52 0.00 19.82 17.33 21.76
113.16 0.00 19.82 17.33 21.76
113.16 0.00 19.82 19.07 21.76
113.52 0.00 19.82 19.07 21.76
113.16 0.00 19.82 19.07 21.76
112.81 0.00 19.82 16.77 21.23
112.81 0.00 19.82 18.70 21.23
112.81 0.00 19.82 18.70 21.23
113.16 0.00 19.82 18.70 21.23
112.81 0.00 19.82 16.44 21.23
112.81 0.00 19.82 16.44 21.23
112.46 0.00 19.82 16.44 21.23
112.81 0.00 19.82 16.44 21.23
112.81 0.00 19.82 16.44 21.23
112.81 0.00 19.82 16.44 20.99
112.81 0.00 19.82 16.44 20.99
112.46 0.00 19.82 16.44 20.99
112.46 0.00 19.82 16.44 20.99
112.10 0.00 19.82 16.44 20.99
112.46 0.00 19.82 18.40 20.99
112.46 0.00 19.82 18.40 20.99
112.10 0.00 19.82 16.09 20.99
112.10 0.00 19.82 16.09 20.99
