131.55 0.00 0.00 0.00 0.03
131.91 0.00 0.00 0.00 0.03
131.91 0.00 0.00 0.00 0.03
131.55 0.00 0.00 0.00 0.03
131.91 0.00 0.00 0.00 0.03
131.91 0.00 0.00 0.01 0.03
131.20 0.00 0.00 0.01 0.01
131.20 0.00 0.00 0.01 0.01
131.55 0.00 0.00 0.01 0.01
131.55 0.00 0.00 0.00 0.01
131.55 0.00 0.00 0.03 0.07
131.55 0.00 0.00 0.03 0.07
131.91 0.00 0.00 0.03 0.07
131.55 0.00 0.00 0.03 0.06
131.20 0.00 0.00 0.03 0.06
131.20 0.00 0.00 0.03 0.10
131.55 0.00 0.00 0.03 0.10
131.55 0.00 0.00 0.08 0.10
131.91 0.00 0.00 0.08 0.10
131.20 0.00 0.00 0.08 0.10
131.20 0.00 0.00 0.08 0.10
131.20 0.00 0.12 0.06 0.10
131.55 0.00 0.12 0.06 0.10
131.55 0.00 0.12 0.06 0.05
131.20 0.00 0.12 0.06 0.05
131.20 0.00 0.12 0.06 0.05
131.20 0.00 0.12 0.06 0.05
131.20 0.00 0.12 0.06 0.05
131.20 0.00 0.12 0.06 0.05
131.55 0.00 0.12 0.06 0.05
131.20 0.00 0.12 0.06 0.05
131.20 0.00 0.12 0.06 0.05
131.20 0.00 0.12 0.06 0.05
130.84 0.00 0.12 0.04 0.05
132.97 0.00 0.12 0.04 0.05
134.03 0.00 0.12 0.04 0.05
133.67 0.00 0.12 0.04 0.01
133.32 0.00 0.12 0.04 0.01
132.26 0.00 0.12 0.04 0.06
131.55 0.00 0.12 0.05 0.06
130.84 0.00 0.12 0.05 0.06
130.84 0.00 0.12 0.05 0.06
130.84 0.00 0.12 0.05 0.06
130.84 0.00 0.12 0.09 0.06
130.84 0.00 0.12 0.09 0.06
130.84 0.00 0.17 0.09 0.06
130.84 0.00 0.17 0.09 0.06
130.14 0.00 0.17 0.09 0.06
129.78 0.00 0.17 0.09 0.06
129.08 0.00 0.17 0.09 0.06
128.02 0.00 0.17 0.09 0.06
126.60 0.00 0.17 0.14 0.06
124.13 0.00 0.17 0.14 0.06
121.30 0.00 0.17 0.14 0.06
120.24 0.00 0.17 0.14 0.06
120.24 0.00 0.17 0.08 0.12
120.59 0.00 0.17 0.08 0.10
120.24 0.00 0.17 0.08 0.10
120.59 0.00 0.17 0.00 0.10
119.88 0.00 0.13 0.02 0.10
120.59 0.00 0.13 0.20 0.13
122.36 0.00 0.13 0.20 0.13
123.42 0.00 0.13 0.33 0.13
123.06 0.00 0.13 0.33 0.13
122.71 0.00 0.13 0.56 0.13
121.30 0.00 0.13 0.56 0.49
119.88 0.00 0.25 0.53 0.49
119.88 0.00 0.25 0.87 0.71
119.88 0.00 0.40 0.88 0.64
119.17 0.00 0.29 0.97 0.66
117.76 0.00 0.26 1.09 0.68
115.99 0.00 0.23 1.15 0.64
113.87 0.00 0.15 1.12 0.57
112.46 0.00 0.15 1.44 0.57
111.75 0.00 0.90 1.68 1.15
111.75 0.00 0.90 1.82 1.31
111.75 0.00 0.90 1.82 0.92
111.75 0.00 0.40 1.11 0.70
112.10 0.00 0.40 1.11 0.30
111.75 0.00 0.40 1.11 0.30
111.75 0.00 0.40 0.98 0.30
112.10 0.00 0.40 1.53 1.06
113.87 0.00 0.40 1.53 0.79
113.16 0.00 0.40 1.53 0.64
113.16 0.00 0.11 1.53 0.14
112.81 0.00 0.11 1.53 0.14
112.46 0.00 0.11 0.71 0.71
111.39 0.00 0.21 0.73 0.77
109.63 0.00 0.21 1.12 0.77
107.86 0.00 0.21 1.38 1.38
106.44 0.00 0.21 1.38 1.43
106.09 0.00 0.21 1.38 1.43
105.38 0.00 0.21 1.38 1.43
104.68 0.00 0.21 1.61 1.54
104.68 0.00 0.21 1.61 1.54
103.97 0.00 0.21 1.61 1.43
102.91 0.00 0.21 1.65 1.48
103.26 0.00 0.21 1.65 1.29
103.26 0.00 0.21 1.58 1.29
103.26 0.00 0.21 1.58 1.42
104.32 0.00 0.21 1.58 1.42
104.68 0.00 0.21 1.58 1.24
105.38 0.00 0.21 1.58 1.24
106.80 0.00 0.21 1.91 1.71
107.15 0.00 0.21 1.91 1.58
108.21 0.00 0.21 1.97 1.85
108.57 0.00 0.21 1.97 1.79
110.69 0.00 0.21 1.97 1.79
112.10 0.00 0.21 2.19 1.79
114.58 0.00 0.21 2.68 2.47
117.76 0.00 1.79 2.46 2.19
118.47 0.00 1.79 2.86 2.45
119.17 0.00 1.79 3.12 2.54
120.59 0.00 1.81 2.75 2.08
122.36 0.00 1.81 3.17 2.36
124.83 0.00 1.61 2.79 1.94
125.54 0.00 1.61 2.79 1.15
125.89 0.00 0.60 1.87 1.05
125.54 0.00 0.60 2.17 1.05
126.25 0.00 0.60 3.02 1.96
128.37 0.00 0.60 2.79 1.96
128.37 0.00 1.98 2.90 1.76
128.37 0.00 1.04 2.12 1.00
128.72 0.00 0.33 2.12 0.61
128.72 0.00 0.33 2.12 0.61
129.08 0.00 1.12 0.19 0.77
130.14 0.00 1.12 0.19 0.77
130.49 0.00 1.12 0.19 1.66
130.84 0.00 1.12 0.24 1.66
130.49 0.00 1.12 1.05 1.66
130.49 0.00 1.12 1.05 0.03
130.84 0.00 1.12 1.05 0.92
130.49 0.00 1.12 0.41 0.41
130.14 0.00 1.12 0.81 0.26
130.49 0.00 1.12 1.31 1.05
130.14 0.00 1.12 1.31 0.87
130.14 0.00 1.12 1.93 1.37
130.49 0.00 1.12 2.50 1.73
130.14 0.00 1.12 2.85 2.08
130.14 0.00 1.12 2.85 2.08
130.14 0.00 1.12 3.12 2.27
129.78 0.00 1.12 3.12 1.49
130.49 0.00 1.12 2.65 1.49
129.78 0.00 1.12 3.70 1.49
129.08 0.00 1.12 4.67 3.53
127.66 0.00 1.12 4.56 3.53
126.95 0.00 1.12 5.55 3.53
126.95 0.00 1.12 6.55 5.13
126.60 0.00 1.12 6.36 5.13
126.95 0.00 1.12 7.71 6.23
126.95 0.00 1.12 7.81 6.36
126.95 0.00 1.12 8.20 6.75
126.95 0.00 1.12 8.72 7.24
127.31 0.00 1.12 9.24 7.74
127.31 0.00 1.12 9.24 6.48
126.95 0.00 1.12 8.49 6.48
126.95 0.00 1.12 10.14 8.53
126.60 0.00 1.12 10.05 8.53
127.31 0.00 1.12 11.28 9.48
126.95 0.00 7.64 9.09 9.48
126.95 0.00 7.64 10.31 9.48
126.95 0.00 8.32 9.59 8.05
126.60 0.00 6.26 9.59 8.05
126.95 0.00 4.60 6.40 8.05
126.60 0.00 4.63 6.40 8.05
126.95 0.00 2.96 6.40 8.05
126.25 0.00 1.37 6.40 8.05
126.60 0.00 0.20 2.16 1.62
126.25 0.00 0.16 2.16 1.62
126.25 0.00 1.85 2.16 1.84
126.25 0.00 3.49 0.75 1.84
125.54 0.00 2.72 0.13 0.29
124.48 0.00 2.50 0.02 0.29
123.42 0.00 2.40 0.03 0.29
122.00 0.00 2.59 0.32 0.42
122.00 0.00 3.06 0.92 0.42
122.00 0.00 3.68 1.59 0.42
122.00 0.00 4.40 2.35 2.23
122.00 0.00 5.09 3.05 2.23
122.00 0.00 5.94 3.92 2.23
122.36 0.00 6.79 4.75 4.28
121.65 0.00 7.20 5.20 4.28
122.00 0.00 8.08 5.93 4.28
121.65 0.00 8.76 5.93 4.28
122.00 0.00 11.33 5.93 10.06
122.36 0.00 12.51 9.83 10.06
122.36 0.00 12.35 9.83 10.06
122.36 0.00 14.63 9.83 10.06
122.36 0.00 16.67 9.83 14.68
122.36 0.00 16.76 13.62 14.68
122.00 0.00 15.88 12.91 14.68
122.36 0.00 15.30 12.45 14.68
122.36 0.00 14.95 12.45 14.68
122.71 0.00 17.22 14.07 14.68
122.71 0.00 16.50 13.49 11.85
123.42 0.00 16.50 13.49 11.85
123.06 0.00 14.61 13.49 11.85
123.42 0.00 17.06 13.93 11.85
123.42 0.00 17.06 11.16 11.85
124.13 0.00 17.06 11.16 11.85
123.42 0.00 17.06 8.70 7.72
123.77 0.00 17.06 8.70 7.72
123.77 0.00 17.06 8.70 7.72
123.77 0.00 17.06 8.70 6.91
123.77 0.00 17.06 8.70 6.25
124.13 0.00 17.06 8.70 6.25
124.48 0.00 17.06 8.70 6.25
124.13 0.00 9.73 8.70 6.25
124.48 0.00 12.71 10.00 8.99
124.83 0.00 12.03 9.36 8.99
124.48 0.00 12.26 9.52 8.62
124.83 0.00 11.47 9.52 10.36
124.48 0.00 12.91 9.52 10.36
124.48 0.00 14.99 9.52 13.47
124.48 0.00 15.35 12.17 11.02
124.13 0.00 13.07 12.17 11.02
124.13 0.00 14.73 12.17 13.34
123.77 0.00 14.87 12.17 13.34
124.13 0.00 16.07 12.17 13.34
123.77 0.00 17.03 13.59 13.34
123.42 0.00 14.78 11.54 10.60
124.13 0.00 12.08 9.05 10.60
124.13 0.00 10.64 7.70 10.60
123.42 0.00 9.37 6.55 10.60
124.13 0.00 8.23 5.52 10.60
124.13 0.00 7.24 5.52 10.60
123.77 0.00 8.56 5.85 10.60
123.77 0.00 7.21 5.85 6.78
124.13 0.00 7.90 5.85 6.78
123.77 0.00 8.73 5.85 8.06
123.42 0.00 8.74 5.85 8.06
123.42 0.00 9.24 6.40 8.06
123.06 0.00 7.06 6.40 8.06
122.71 0.00 7.55 4.88 4.75
122.36 0.00 5.49 4.88 4.75
122.36 0.00 6.05 4.88 4.75
122.36 0.00 6.05 4.88 4.75
122.71 0.00 6.05 3.52 3.52
122.00 0.00 6.05 3.52 3.52
122.36 0.00 6.05 1.36 1.59
122.36 0.00 6.05 0.28 1.59
122.00 0.00 6.05 1.86 1.22
122.36 0.00 6.05 1.86 1.22
122.00 0.00 0.24 1.86 1.22
121.65 0.00 1.61 0.26 1.22
121.30 0.00 1.25 0.61 1.22
121.30 0.00 1.04 0.61 1.22
121.30 0.00 2.57 0.61 1.22
121.30 0.00 3.99 0.61 1.22
121.30 0.00 5.33 2.98 1.22
120.94 0.00 4.53 2.98 1.22
121.30 0.00 5.98 3.59 1.22
121.65 0.00 5.20 2.96 1.22
121.30 0.00 4.74 2.61 1.22
120.94 0.00 4.52 2.46 2.46
121.30 0.00 4.48 2.52 2.46
121.30 0.00 4.62 2.68 2.46
120.94 0.00 4.86 2.93 2.92
121.30 0.00 5.11 3.24 2.92
121.30 0.00 5.48 3.61 2.92
121.30 0.00 5.84 3.97 2.92
121.30 0.00 6.21 4.33 2.92
121.30 0.00 6.61 4.33 2.92
120.94 0.00 8.69 6.45 2.92
121.30 0.00 8.64 6.37 2.92
121.30 0.00 8.61 6.37 2.92
121.65 0.00 10.66 6.37 9.70
122.00 0.00 11.65 9.04 9.70
122.00 0.00 11.12 8.62 9.70
122.71 0.00 10.80 8.38 9.70
122.71 0.00 10.64 8.38 9.70
122.00 0.00 12.69 10.08 9.70
122.71 0.00 12.25 10.08 9.70
122.36 0.00 14.19 11.43 10.42
122.36 0.00 12.69 11.43 10.42
122.36 0.00 14.75 11.43 10.42
122.71 0.00 16.60 13.57 10.42
122.36 0.00 15.66 13.57 14.06
123.06 0.00 16.13 13.12 14.06
122.36 0.00 15.40 13.12 14.06
122.71 0.00 15.40 13.12 14.06
122.36 0.00 17.43 13.12 14.06
122.36 0.00 19.25 13.12 14.06
122.36 0.00 19.25 13.12 14.06
122.36 0.00 19.25 15.84 14.06
122.36 0.00 19.25 15.84 14.06
122.36 0.00 19.25 12.78 14.06
122.71 0.00 15.15 12.13 14.06
122.71 0.00 14.54 12.13 14.06
122.71 0.00 16.55 12.13 14.06
122.71 0.00 18.21 12.13 14.06
123.06 0.00 19.56 12.13 14.06
123.06 0.00 20.66 16.89 14.06
122.71 0.00 18.24 16.89 14.06
122.00 0.00 19.37 15.72 14.06
122.36 0.00 17.08 15.72 14.06
122.71 0.00 18.18 15.72 14.06
122.36 0.00 19.05 15.49 14.06
122.36 0.00 16.61 13.41 14.06
122.36 0.00 14.66 11.75 14.06
122.36 0.00 13.17 11.75 11.85
122.71 0.00 13.16 10.40 11.85
122.36 0.00 11.86 9.22 8.44
122.36 0.00 11.86 9.22 8.44
122.36 0.00 10.11 7.74 8.44
122.36 0.00 10.11 5.80 8.44
122.71 0.00 10.11 4.25 8.44
122.36 0.00 10.11 3.03 8.44
122.71 0.00 10.11 2.15 8.44
122.71 0.00 4.66 3.66 3.55
123.06 0.00 4.66 2.74 3.55
123.06 0.00 5.22 4.15 3.55
122.71 0.00 5.22 3.12 3.13
122.71 0.00 5.61 4.26 3.13
122.71 0.00 5.61 3.04 3.13
122.71 0.00 5.61 1.93 3.13
122.71 0.00 5.61 1.93 3.13
122.71 0.00 5.61 1.93 2.14
122.71 0.00 5.61 1.93 2.14
123.06 0.00 5.61 1.10 2.14
123.06 0.00 5.61 1.10 2.14
123.06 0.00 5.61 0.15 2.14
122.71 0.00 5.61 0.72 2.14
123.06 0.00 5.61 1.53 2.14
122.71 0.00 5.61 1.53 0.93
122.71 0.00 5.61 1.53 0.93
122.71 0.00 5.61 1.53 0.93
122.71 0.00 5.61 1.53 0.93
122.71 0.00 5.61 1.76 0.93
123.06 0.00 5.61 1.76 0.93
122.71 0.00 5.61 2.52 0.93
122.71 0.00 5.61 2.52 0.93
122.71 0.00 5.61 2.52 0.93
122.71 0.00 5.61 3.23 2.46
123.06 0.00 5.61 3.23 2.46
122.71 0.00 5.61 3.23 2.46
123.06 0.00 5.61 3.22 2.50
123.06 0.00 5.61 3.22 2.50
122.71 0.00 5.61 3.22 2.50
122.71 0.00 5.61 3.21 2.50
123.06 0.00 5.61 3.21 2.50
122.71 0.00 5.61 3.21 2.50
122.71 0.00 5.61 3.21 2.50
122.71 0.00 5.61 3.21 2.53
122.71 0.00 5.61 3.21 2.53
122.36 0.00 5.61 3.21 2.53
122.36 0.00 5.61 3.21 1.98
121.65 0.00 5.61 3.21 1.55
120.94 0.00 5.61 2.34 1.55
120.94 0.00 5.61 2.99 1.55
120.94 0.00 5.61 3.50 1.55
120.94 0.00 5.61 3.50 2.96
120.24 0.00 5.61 3.53 3.03
119.53 0.00 5.61 3.63 3.03
119.53 0.00 5.61 4.20 3.67
119.53 0.00 5.61 4.28 3.67
119.17 0.00 5.61 4.28 3.77
119.17 0.00 5.61 4.42 3.94
119.17 0.00 5.61 4.65 4.19
119.17 0.00 5.61 4.91 4.51
119.17 0.00 5.61 4.91 4.20
119.17 0.00 5.61 4.91 4.20
119.17 0.00 5.61 4.88 4.20
119.53 0.00 5.61 4.88 4.20
119.53 0.00 5.61 5.51 4.20
119.53 0.00 5.61 5.51 4.20
120.59 0.00 5.61 5.51 4.20
121.30 0.00 5.61 5.51 5.03
121.65 0.00 5.61 5.51 5.03
121.30 0.00 5.61 5.69 5.15
121.65 0.00 5.61 5.69 5.15
122.36 0.00 5.61 5.69 4.62
122.71 0.00 5.61 5.69 4.62
123.06 0.00 5.61 5.69 4.62
123.06 0.00 5.61 5.38 4.78
123.06 0.00 5.61 5.38 4.17
123.06 0.00 5.61 5.08 4.38
123.42 0.00 0.90 2.27 4.38
123.06 0.00 0.90 3.55 3.10
124.13 0.00 0.90 4.41 3.89
124.13 0.00 0.43 2.17 1.98
124.13 0.00 1.28 0.72 1.98
124.13 0.00 1.28 2.52 2.24
124.13 0.00 1.28 2.52 2.24
124.13 0.00 1.28 2.52 2.24
123.42 0.00 1.28 2.52 2.05
122.36 0.00 1.28 3.72 2.05
120.94 0.00 1.28 3.72 3.29
120.24 0.00 1.28 3.72 3.29
119.88 0.00 1.28 3.72 2.87
120.59 0.00 1.28 3.72 2.45
122.00 0.00 1.28 4.12 3.50
123.06 0.00 1.28 5.08 4.25
123.77 0.00 0.74 2.71 2.10
125.19 0.00 0.74 3.94 3.12
125.19 0.00 0.20 1.89 3.12
123.77 0.00 0.20 3.67 2.94
119.53 0.00 0.20 4.54 3.78
115.64 0.00 0.20 4.54 3.16
114.93 0.00 0.20 4.78 3.16
114.58 0.00 0.20 6.24 5.26
114.58 0.00 0.20 6.24 5.26
115.28 0.00 1.71 3.65 2.96
116.35 0.00 1.71 4.78 3.90
115.28 0.00 1.71 5.65 3.90
113.87 0.00 1.71 7.22 3.90
113.87 0.00 1.71 8.63 3.90
114.22 0.00 1.71 9.91 8.33
114.22 0.00 1.71 9.91 6.91
113.87 0.00 1.71 9.91 5.62
114.58 0.00 1.71 9.91 5.62
114.58 0.00 1.71 7.33 5.62
114.93 0.00 1.71 7.33 5.62
116.35 0.00 1.71 7.33 6.03
118.11 0.00 1.71 7.33 6.03
118.82 0.00 1.71 7.64 6.03
120.59 0.00 1.71 8.96 7.41
120.59 0.00 1.71 8.96 6.01
120.59 0.00 1.71 7.58 6.07
120.94 0.00 1.71 7.68 6.11
120.59 0.00 2.41 4.53 3.32
120.59 0.00 2.41 4.53 2.22
120.59 0.00 2.41 4.32 3.00
120.94 0.00 0.26 4.32 1.12
120.94 0.00 0.26 4.32 1.97
120.59 0.00 0.26 4.32 2.75
120.94 0.00 0.26 4.32 3.48
120.94 0.00 0.26 4.32 4.16
120.94 0.00 0.26 1.20 2.21
120.59 0.00 0.26 0.54 0.74
120.94 0.00 0.26 1.92 0.41
120.94 0.00 0.26 2.97 1.28
120.59 0.00 0.26 2.97 1.28
120.59 0.00 0.26 3.77 1.28
120.59 0.00 0.26 5.99 1.28
120.94 0.00 0.26 5.99 1.28
120.59 0.00 0.26 5.99 3.96
120.94 0.00 0.26 5.99 3.96
120.94 0.00 0.26 5.99 3.96
120.59 0.00 0.26 5.99 2.24
120.59 0.00 0.26 5.99 0.79
120.59 0.00 0.26 5.99 0.44
120.59 0.00 0.26 5.99 1.46
120.59 0.00 0.26 5.99 2.31
120.24 0.00 0.26 0.73 2.31
120.24 0.00 0.26 0.73 0.35
120.24 0.00 0.26 0.73 1.25
120.24 0.00 0.26 0.73 1.25
120.59 0.00 0.26 0.73 1.25

