179.65 0.00 0.03 0.00 0.00
180.35 0.00 0.03 0.00 0.00
180.35 0.00 0.03 0.00 0.00
180.00 0.00 0.03 0.01 0.04
180.00 0.00 0.03 0.11 0.04
180.35 0.00 0.03 0.11 0.04
180.71 0.00 0.03 0.21 0.04
180.35 0.00 0.03 0.21 0.04
180.71 0.00 0.03 0.26 0.04
180.00 0.00 0.03 0.26 0.04
180.35 0.00 0.03 0.27 0.24
180.35 0.00 0.03 0.27 0.24
180.35 0.00 0.03 0.30 0.24
180.35 0.00 0.03 0.30 0.24
180.71 0.00 0.03 0.39 0.24
180.35 0.00 0.03 0.39 0.39
180.00 0.00 0.03 0.39 0.39
180.35 0.00 0.03 0.39 0.39
180.00 0.00 0.03 0.39 0.39
180.00 0.00 0.03 0.39 0.39
180.35 0.00 0.03 0.39 0.42
180.35 0.00 0.03 0.39 0.42
180.35 0.00 0.03 0.46 0.53
180.35 0.00 0.03 0.46 0.53
180.35 0.00 0.03 0.51 0.53
180.00 0.00 0.03 0.45 0.53
180.35 0.00 0.03 0.45 0.53
180.35 0.00 0.03 0.45 0.57
175.76 0.00 0.03 0.45 0.57
175.40 0.00 0.03 0.45 0.62
173.28 0.00 0.03 0.45 0.72
173.63 0.00 0.03 0.54 0.60
182.48 0.00 0.03 0.54 0.60
187.78 0.00 0.44 0.25 0.30
188.13 0.00 0.44 0.04 0.08
187.07 0.00 0.44 0.20 0.17
180.00 0.00 0.44 0.20 0.20
172.22 0.00 0.44 0.40 0.20
168.68 0.00 0.44 0.40 0.20
165.15 0.00 0.44 0.62 0.63
159.84 0.00 0.44 0.62 0.77
151.00 0.00 0.44 0.90 1.10
142.16 0.00 0.44 0.90 1.32
135.09 0.00 0.44 1.42 1.64
131.55 0.00 0.44 1.75 2.06
131.91 0.00 0.44 2.16 2.60
130.49 0.00 2.40 2.16 2.86
128.37 0.00 2.40 2.90 3.34
126.25 0.00 2.40 3.36 3.79
125.54 0.00 2.40 3.84 4.29
124.83 0.00 2.40 4.37 4.71
124.13 0.00 2.40 4.88 5.06
122.71 0.00 2.40 5.31 5.35
122.71 0.00 2.40 5.75 5.64
122.71 0.00 2.40 6.18 5.93
122.71 0.00 2.40 6.61 6.17
122.36 0.00 2.40 7.00 6.46
122.36 0.00 2.40 7.39 6.76
122.71 0.00 2.40 7.83 7.05
122.36 0.00 2.40 8.26 7.39
122.71 0.00 6.62 8.02 7.39
122.00 0.00 6.62 9.38 7.39
122.36 0.00 6.62 10.65 9.56
122.71 0.00 8.61 10.65 7.96
122.00 0.00 7.25 10.65 6.87
122.36 0.00 6.35 8.05 7.65
122.71 0.00 7.12 8.82 8.41
123.06 0.00 7.88 9.57 8.41
123.06 0.00 9.02 10.61 8.41
123.77 0.00 10.06 11.56 8.41
123.42 0.00 11.03 12.49 11.70
123.77 0.00 11.38 12.84 12.06
123.42 0.00 11.86 13.36 12.06
124.13 0.00 13.27 14.63 13.66
124.48 0.00 13.75 15.10 13.66
125.19 0.00 15.28 16.38 15.14
125.54 0.00 15.59 16.38 14.40
126.60 0.00 15.17 16.33 14.40
128.37 0.00 17.03 16.33 14.40
128.37 0.00 17.82 16.33 14.40
128.72 0.00 18.64 19.41 17.78
129.43 0.00 18.65 19.46 17.78
130.14 0.00 20.16 19.46 18.48
130.14 0.00 19.36 19.46 17.83
130.49 0.00 19.36 19.46 17.83
130.84 0.00 19.36 19.46 17.83
131.20 0.00 19.36 18.78 17.24
131.91 0.00 19.36 18.78 17.24
132.61 0.00 18.22 19.17 17.24
132.97 0.00 18.22 19.17 17.24
133.67 0.00 18.22 19.96 17.24
133.67 0.00 18.22 19.96 18.22
134.38 0.00 18.22 19.96 16.65
134.03 0.00 17.67 18.60 16.65
133.67 0.00 19.32 20.00 16.65
133.67 0.00 20.45 20.90 18.94
134.38 0.00 19.40 19.84 18.94
134.38 0.00 20.05 20.31 18.48
134.03 0.00 18.68 19.08 17.45
134.38 0.00 17.55 18.01 16.56
134.38 0.00 16.55 17.09 16.56
134.73 0.00 16.79 17.21 16.56
134.38 0.00 16.63 16.97 16.56
134.38 0.00 16.15 16.42 16.56
134.03 0.00 15.40 15.68 16.56
133.67 0.00 14.48 14.83 16.56
133.67 0.00 13.48 13.87 16.56
134.38 0.00 12.36 12.81 16.56
133.32 0.00 11.21 11.71 16.56
133.32 0.00 9.99 10.56 10.10
132.61 0.00 8.32 10.56 10.10
132.61 0.00 6.49 7.46 10.10
132.26 0.00 5.52 6.56 10.10
132.26 0.00 4.51 6.56 10.10
132.26 0.00 2.50 3.84 4.20
132.26 0.00 2.09 3.40 4.20
132.97 0.00 1.21 2.58 4.20
131.91 0.00 0.37 1.80 2.38
131.55 0.00 0.05 1.80 2.38
131.20 0.00 2.07 0.27 0.53
131.20 0.00 1.74 0.27 0.53
131.20 0.00 3.81 0.27 0.53
131.20 0.00 5.66 3.46 0.53
130.49 0.00 5.44 3.46 4.03
130.49 0.00 5.98 3.78 2.62
130.49 0.00 4.80 2.80 2.62
130.14 0.00 4.80 2.80 2.62
129.78 0.00 4.80 1.00 2.62
129.43 0.00 3.35 1.39 0.58
129.08 0.00 2.89 0.95 0.58
129.08 0.00 3.07 1.15 0.58
129.08 0.00 3.12 1.24 0.58
129.08 0.00 3.01 1.19 0.58
129.43 0.00 2.74 1.00 0.58
129.78 0.00 2.35 0.71 0.58
129.78 0.00 1.83 0.29 0.58
129.78 0.00 1.20 0.17 0.58
130.14 0.00 0.48 0.70 1.20
129.78 0.00 0.69 1.63 1.20
130.14 0.00 1.38 2.19 2.45
129.78 0.00 2.36 3.00 2.45
130.49 0.00 3.16 3.65 3.77
130.14 0.00 4.10 4.43 3.77
130.14 0.00 4.99 4.43 3.77
130.49 0.00 5.74 5.91 3.77
130.49 0.00 6.86 5.91 6.52
130.14 0.00 7.62 5.91 6.52
130.49 0.00 8.85 8.66 8.14
131.20 0.00 9.57 9.34 8.14
130.84 0.00 10.84 10.58 8.14
130.49 0.00 12.15 11.85 8.14
130.49 0.00 13.48 13.15 8.14
130.49 0.00 14.84 14.52 8.14
131.20 0.00 16.21 15.89 8.14
130.84 0.00 17.55 17.15 15.58
131.55 0.00 17.46 17.20 15.58
132.26 0.00 18.96 18.60 15.58
131.55 0.00 18.96 18.43 15.58
130.84 0.00 18.96 18.45 15.58
131.20 0.00 18.96 18.57 16.87
131.20 0.00 18.96 17.14 16.87
131.20 0.00 18.96 17.28 16.87
131.55 0.00 18.98 18.71 16.87
131.55 0.00 20.19 19.67 16.87
131.20 0.00 20.98 20.32 16.87
130.84 0.00 21.45 20.32 16.87
131.20 0.00 22.31 21.43 19.41
131.20 0.00 20.39 21.43 19.41
131.20 0.00 21.06 21.43 19.14
130.49 0.00 19.75 19.24 19.14
130.49 0.00 19.57 19.24 17.88
130.84 0.00 18.06 17.82 16.40
129.78 0.00 16.46 16.38 16.40
129.08 0.00 16.13 16.38 16.40
128.72 0.00 15.55 16.38 14.46
128.02 0.00 13.78 16.38 12.96
128.02 0.00 12.11 12.63 12.96
128.37 0.00 11.51 12.15 11.50
127.66 0.00 10.16 11.02 11.50
127.66 0.00 9.43 11.02 11.50
127.66 0.00 7.73 11.02 11.50
126.95 0.00 6.02 7.37 7.28
126.25 0.00 5.40 6.78 7.28
125.54 0.00 4.83 6.19 6.21
125.89 0.00 4.25 5.59 6.21
125.54 0.00 3.66 4.99 6.21
125.89 0.00 3.66 6.11 6.21
125.19 0.00 3.66 7.13 6.21
125.54 0.00 3.66 8.15 6.21
125.89 0.00 3.66 9.08 6.21
125.54 0.00 3.66 9.99 6.21
125.54 0.00 3.66 9.99 6.21
125.54 0.00 3.66 10.74 10.13
125.54 0.00 7.66 8.66 10.13
125.54 0.00 7.66 8.66 10.13
125.19 0.00 7.66 8.66 10.13
125.19 0.00 7.66 9.58 10.13
126.25 0.00 7.23 9.58 10.13
125.54 0.00 5.22 9.58 10.13
125.54 0.00 3.52 9.58 3.88
125.19 0.00 2.40 9.58 3.88
125.54 0.00 1.19 9.58 3.88
124.83 0.00 0.18 2.14 2.63
125.54 0.00 1.57 3.31 2.63
125.54 0.00 2.25 3.81 4.04
125.89 0.00 3.03 3.81 4.04
125.54 0.00 2.28 3.81 4.04
126.60 0.00 1.77 3.43 4.04
126.25 0.00 2.86 3.43 4.04
126.25 0.00 2.49 4.01 4.04
126.25 0.00 3.55 4.89 4.04
126.25 0.00 3.55 4.89 5.03
126.95 0.00 4.52 4.89 5.03
126.95 0.00 4.52 5.79 5.03
126.60 0.00 4.52 5.79 5.86
126.95 0.00 4.52 6.91 5.86
126.60 0.00 4.52 6.91 5.86
126.95 0.00 4.52 6.91 5.86
126.95 0.00 4.52 6.91 5.86
126.95 0.00 4.52 6.91 5.86
126.95 0.00 4.52 6.91 5.86
127.31 0.00 4.52 7.78 5.86
126.95 0.00 4.52 8.49 5.86
127.31 0.00 7.49 8.15 5.86
126.95 0.00 7.16 7.81 5.86
127.31 0.00 6.82 7.47 5.86
126.95 0.00 6.47 7.13 5.86
126.60 0.00 6.13 6.78 5.86
127.31 0.00 5.73 6.39 5.86
126.60 0.00 5.35 6.02 6.01
126.60 0.00 4.93 6.02 6.01
126.60 0.00 3.85 6.02 6.01
126.60 0.00 2.82 6.02 6.01
126.95 0.00 1.83 6.02 6.01
126.25 0.00 0.87 6.02 6.01
126.95 0.00 0.00 1.30 6.01
126.60 0.00 0.28 1.30 6.01
126.25 0.00 0.65 1.30 6.01
126.60 0.00 1.56 1.30 6.01
126.25 0.00 2.39 1.30 6.01
126.25 0.00 3.17 1.30 6.01
126.25 0.00 3.17 1.50 6.01
126.60 0.00 3.17 1.50 0.50
126.60 0.00 3.17 1.50 0.50
126.25 0.00 3.17 0.91 0.50
126.60 0.00 3.17 2.19 0.50
126.60 0.00 0.87 2.19 0.50
126.60 0.00 0.18 1.19 0.50
126.60 0.00 0.18 1.37 0.50
126.25 0.00 0.43 1.50 0.50
126.25 0.00 0.64 1.59 0.50
126.25 0.00 0.80 1.59 1.46
126.25 0.00 0.78 1.67 1.46
126.60 0.00 1.01 1.67 1.60
126.25 0.00 0.99 1.67 1.60
126.25 0.00 0.50 1.67 1.60
126.60 0.00 0.12 1.67 1.60
125.89 0.00 0.16 0.80 1.60
126.60 0.00 0.52 0.80 1.22
126.60 0.00 0.93 1.71 1.22
126.60 0.00 1.44 2.11 1.22
126.95 0.00 1.84 2.11 1.22
126.25 0.00 1.65 2.25 1.22
127.31 0.00 1.65 2.25 1.22
126.60 0.00 1.65 2.25 1.22
126.25 0.00 1.65 2.25 1.22
126.25 0.00 1.65 2.25 1.22
126.60 0.00 1.96 2.25 1.22
127.31 0.00 1.96 2.25 1.22
126.95 0.00 1.96 2.57 1.22
126.95 0.00 2.19 2.81 1.22
127.31 0.00 2.36 3.00 1.22
127.31 0.00 2.36 3.00 1.22
127.31 0.00 2.49 3.00 1.22
126.95 0.00 2.49 3.00 1.22
127.66 0.00 2.49 3.16 1.22
126.95 0.00 2.49 3.16 1.22
127.31 0.00 2.57 3.28 1.22
127.66 0.00 2.57 3.28 1.22
127.66 0.00 2.63 3.38 1.22
127.66 0.00 2.67 3.46 1.22
127.66 0.00 2.70 3.52 1.22
127.31 0.00 2.71 3.63 3.97
127.66 0.00 3.06 3.97 3.97
127.66 0.00 3.06 3.97 3.97
127.31 0.00 3.06 3.97 3.97
127.31 0.00 3.06 3.97 3.97
127.31 0.00 3.06 3.97 4.23
127.66 0.00 3.06 3.97 4.23
127.66 0.00 3.06 3.97 4.23
128.02 0.00 3.06 3.97 4.23
127.66 0.00 3.06 4.95 4.23
127.66 0.00 3.06 4.95 4.23
127.66 0.00 3.06 4.95 4.23
127.31 0.00 3.06 4.95 4.23
127.66 0.00 3.06 5.53 4.23
127.66 0.00 4.46 5.53 4.23
128.02 0.00 4.46 5.06 4.23
127.66 0.00 4.46 5.54 5.55
127.66 0.00 4.52 5.02 5.55
127.31 0.00 4.11 4.62 5.55
127.31 0.00 4.11 4.62 5.55
127.31 0.00 3.80 4.62 5.55
127.31 0.00 3.14 4.62 5.55
127.66 0.00 3.14 3.82 5.55
127.66 0.00 3.14 3.82 5.55
127.31 0.00 3.14 3.82 5.55
127.66 0.00 3.14 3.82 4.09
127.31 0.00 3.14 3.82 4.09
127.31 0.00 3.34 4.04 4.09
127.31 0.00 3.25 4.05 4.09
127.66 0.00 3.22 4.11 4.09
127.66 0.00 3.23 4.16 4.09
127.31 0.00 3.23 4.21 4.09
127.66 0.00 3.23 4.21 4.09
127.31 0.00 3.23 5.02 4.09
127.66 0.00 3.23 5.02 4.09
126.95 0.00 3.23 5.02 5.09
127.66 0.00 3.23 5.02 5.09
127.31 0.00 3.23 5.02 5.09
128.02 0.00 3.23 5.02 5.09
127.31 0.00 3.23 5.02 5.09
127.66 0.00 3.23 5.02 5.09
127.66 0.00 3.23 5.02 5.09
127.66 0.00 3.23 5.02 5.09
127.31 0.00 3.23 5.02 5.09
127.31 0.00 3.23 5.02 5.09
126.95 0.00 3.23 5.02 5.09
127.31 0.00 3.23 5.02 5.09
127.31 0.00 3.23 5.02 5.09
127.31 0.00 3.23 5.84 5.09
127.66 0.00 3.23 5.84 5.09
127.66 0.00 3.23 5.84 5.09
127.66 0.00 3.23 5.84 5.09
126.95 0.00 3.23 5.84 5.09
127.31 0.00 3.23 5.84 5.09
126.95 0.00 3.23 5.84 5.09
126.95 0.00 3.23 6.53 5.09
127.31 0.00 3.23 6.53 5.09
127.31 0.00 3.23 6.53 5.09
127.31 0.00 3.23 6.53 5.09
127.31 0.00 3.23 6.53 5.09
127.66 0.00 3.23 6.53 5.09
127.31 0.00 3.23 6.53 5.09
128.02 0.00 3.23 6.53 5.09
127.31 0.00 3.23 6.53 6.37
127.66 0.00 3.23 7.04 6.37
127.31 0.00 3.23 7.04 6.37
127.66 0.00 3.23 7.04 6.37
127.66 0.00 3.23 7.04 6.37
127.31 0.00 3.23 7.04 6.37
127.31 0.00 3.23 7.04 6.37
127.31 0.00 3.23 7.04 6.37
127.31 0.00 3.23 7.58 6.37
127.31 0.00 3.23 7.58 7.24
126.95 0.00 3.23 7.58 6.90
127.31 0.00 3.23 7.58 6.55
126.95 0.00 3.23 7.58 6.21
126.95 0.00 3.23 7.58 6.21
127.31 0.00 3.23 7.58 5.82
126.95 0.00 3.23 6.56 6.04
127.31 0.00 3.23 6.56 5.44
127.66 0.00 3.23 6.28 5.47
128.37 0.00 3.23 6.39 5.35
128.02 0.00 3.23 6.37 5.15
128.37 0.00 3.23 6.25 4.95
129.43 0.00 3.23 6.16 4.79
129.43 0.00 3.23 6.16 3.46
129.43 0.00 3.23 4.82 3.35
129.43 0.00 3.23 4.63 3.09
130.14 0.00 3.23 4.36 2.68
130.14 0.00 3.23 3.86 1.93
130.49 0.00 1.23 2.47 0.45
130.84 0.00 1.23 1.65 0.45
131.55 0.00 1.23 0.78 1.44
132.97 0.00 1.23 0.13 2.45
133.32 0.00 1.23 1.06 3.58
132.61 0.00 1.23 1.06 6.09
131.20 0.00 1.23 1.06 8.50
131.20 0.00 1.23 6.29 8.86
131.55 0.00 1.23 6.51 9.18
131.91 0.00 1.23 6.71 9.53
131.20 0.00 1.23 6.97 9.94
128.72 0.00 1.23 7.28 10.44
125.89 0.00 1.23 7.66 10.95
125.19 0.00 1.23 8.07 11.44

