185.30 0.00 0.03 0.00 0.00
184.60 0.00 0.03 0.00 0.00
184.24 0.00 0.03 0.00 0.00
184.24 0.00 0.03 0.00 0.00
184.95 0.00 0.03 0.00 0.00
184.95 0.00 0.03 0.00 0.00
184.60 0.00 0.03 0.00 0.00
184.95 0.00 0.03 0.00 0.00
184.60 0.00 0.03 0.00 0.01
184.95 0.00 0.03 0.00 0.01
184.60 0.00 0.03 0.03 0.01
185.30 0.00 0.03 0.03 0.01
185.66 0.00 0.03 0.03 0.05
185.66 0.00 0.03 0.03 0.05
183.18 0.00 0.03 0.03 0.05
183.89 0.00 0.03 0.03 0.05
184.24 0.00 0.03 0.03 0.05
184.24 0.00 0.03 0.03 0.09
184.24 0.00 0.03 0.03 0.09
182.12 0.00 0.03 0.03 0.09
180.35 0.00 0.03 0.03 0.16
180.00 0.00 0.03 0.02 0.16
180.00 0.00 0.03 0.02 0.16
179.65 0.00 0.03 0.02 0.16
178.94 0.00 0.03 0.02 0.16
178.94 0.00 0.03 0.02 0.16
177.17 0.00 0.03 0.07 0.02
173.99 0.00 0.03 0.07 0.02
170.45 0.00 0.03 0.07 0.02
163.73 0.00 0.03 0.07 0.02
158.78 0.00 0.03 0.07 0.02
149.94 0.00 0.03 0.07 0.02
137.56 0.00 0.03 0.07 0.02
124.48 0.00 0.03 0.07 0.02
112.81 0.00 0.03 0.07 0.02
101.85 0.00 0.03 0.07 0.03
95.83 0.00 0.03 0.07 0.03
89.47 0.00 0.03 0.02 0.03
83.10 0.00 0.03 0.02 0.07
79.92 0.00 0.03 0.03 0.07
77.45 0.00 0.03 0.03 0.07
75.68 0.00 0.03 0.03 0.02
75.68 0.00 0.03 0.03 0.02
74.62 0.00 0.03 0.03 0.02
74.97 0.00 0.03 0.03 0.02
78.15 0.00 0.03 0.03 0.03
82.75 0.00 0.03 0.03 0.11
88.06 0.00 0.03 0.03 0.23
95.13 0.00 0.03 0.34 0.23
103.97 0.00 0.03 0.34 0.48
113.87 0.00 0.03 0.34 0.64
122.71 0.00 0.03 0.34 0.64
131.20 0.00 0.03 0.34 0.64
139.69 0.00 0.03 0.34 0.64
147.47 0.00 0.03 0.34 0.83
154.54 0.00 0.03 0.81 0.83
164.09 0.00 0.03 0.81 0.83
171.87 0.00 0.03 0.75 0.88
179.65 0.00 0.03 0.77 0.85
189.90 0.00 0.03 0.77 0.85
202.28 0.00 0.03 0.77 0.97
212.89 0.00 0.03 0.89 1.04
222.44 0.00 0.03 0.89 1.04
232.34 0.00 0.03 0.89 1.04
236.23 0.00 0.03 0.89 1.04
235.17 0.00 0.03 0.89 1.13
231.98 0.00 0.03 0.89 1.13
225.27 0.00 0.03 0.89 1.17
215.72 0.00 0.03 0.89 1.17
206.52 0.00 0.03 1.11 1.17
200.86 0.00 0.03 1.11 1.24
190.61 0.00 0.03 1.11 1.39
176.11 0.00 0.03 1.11 1.39
161.26 0.00 0.03 1.11 1.39
149.59 0.00 0.03 1.11 1.49
138.98 0.00 0.03 1.11 1.49
129.78 0.00 0.03 1.11 1.49
121.65 0.00 0.03 1.34 1.49
111.39 0.00 0.03 1.34 1.49
102.20 0.00 0.03 1.34 1.49
93.36 0.00 0.03 1.34 1.39
87.35 0.00 0.03 1.34 1.39
84.17 0.00 0.03 1.34 1.39
82.40 0.00 0.03 1.34 1.40
84.17 0.00 0.03 1.34 1.40
91.24 0.00 0.03 1.22 1.40
101.14 0.00 0.03 1.22 1.40
114.22 0.00 0.03 1.22 1.40
125.19 0.00 0.03 1.22 1.20
135.80 0.00 0.03 1.09 1.20
147.47 0.00 0.03 1.09 1.17
157.37 0.00 0.03 1.09 1.34
168.33 0.00 0.03 1.26 1.46
177.52 0.00 0.03 1.26 1.46
183.89 0.00 0.03 1.26 1.58
189.90 0.00 0.03 1.43 1.58
195.56 0.00 0.03 1.43 1.60
200.86 0.00 0.03 1.43 1.60
206.88 0.00 0.03 1.43 1.80
209.71 0.00 0.03 1.43 1.80
208.29 0.00 0.03 1.66 1.81
200.51 0.00 0.03 1.66 1.81
187.07 0.00 0.03 1.66 1.89
174.70 0.00 0.03 1.66 1.89
163.03 0.00 0.03 1.70 1.84
149.94 0.00 0.03 1.70 1.84
138.27 0.00 0.03 1.69 1.84
127.66 0.00 0.03 1.69 1.84
115.64 0.00 0.03 1.69 1.79
106.09 0.00 0.03 1.69 1.83
97.60 0.00 0.03 1.64 1.66
90.18 0.00 0.03 1.64 1.66
83.81 0.00 0.03 1.64 1.63
78.86 0.00 0.03 1.42 1.63
76.74 0.00 0.03 1.42 1.37
78.51 0.00 0.03 1.42 1.37
86.29 0.00 0.03 1.42 1.37
97.96 0.00 0.03 1.42 1.37
111.04 0.00 0.03 1.42 1.37
121.30 0.00 0.03 1.24 1.37
131.91 0.00 0.03 1.24 1.26
144.28 0.00 0.03 1.24 1.26
155.25 0.00 0.03 1.19 1.26
166.56 0.00 0.03 1.19 1.17
175.76 0.00 0.03 1.07 1.17
183.89 0.00 0.03 1.07 1.11
188.84 0.00 0.03 1.07 1.11
192.73 0.00 0.03 1.06 1.11
194.15 0.00 0.03 1.06 1.11
193.08 0.00 0.03 1.06 1.15
188.13 0.00 0.03 1.14 1.15
176.46 0.00 0.03 1.17 1.20
164.79 0.00 0.03 1.17 1.20
154.89 0.00 0.03 1.18 1.26
143.93 0.00 0.03 1.19 1.26
132.61 0.00 0.03 1.19 1.21
121.65 0.00 0.03 1.19 1.21
108.92 0.00 0.03 1.19 1.19
99.02 0.00 0.03 1.19 1.19
89.82 0.00 0.03 1.19 1.13
84.87 0.00 0.03 1.03 0.94
83.81 0.00 0.03 1.03 0.94
89.12 0.00 0.03 1.03 0.94
100.08 0.00 0.03 0.82 0.94
119.17 0.00 0.03 0.82 0.94
139.33 0.00 0.03 0.82 0.81
155.60 0.00 0.03 0.75 0.81
170.45 0.00 0.03 0.74 0.81
180.35 0.00 0.03 0.74 0.81
185.30 0.00 0.03 0.74 0.81
185.66 0.00 0.03 0.74 0.69
184.60 0.00 0.03 0.74 0.69
184.24 0.00 0.03 0.74 0.69
182.48 0.00 0.03 0.74 0.74
182.83 0.00 0.03 0.73 0.74
182.83 0.00 0.03 0.73 0.74
182.48 0.00 0.03 0.68 0.74
182.83 0.00 0.03 0.60 0.74
182.83 0.00 0.03 0.60 0.56
182.48 0.00 0.03 0.60 0.56
183.18 0.00 0.03 0.60 0.56
183.18 0.00 0.03 0.54 0.56
182.83 0.00 0.03 0.54 0.56
182.83 0.00 0.03 0.54 0.56
182.83 0.00 0.03 0.54 0.56
183.18 0.00 0.03 0.54 0.47
182.83 0.00 0.03 0.41 0.31
182.83 0.00 0.03 0.41 0.31
182.83 0.00 0.03 0.41 0.31
182.83 0.00 0.03 0.41 0.31
183.18 0.00 0.03 0.32 0.31
183.18 0.00 0.03 0.32 0.28
183.18 0.00 0.03 0.32 0.28
182.83 0.00 0.03 0.32 0.20
182.83 0.00 0.03 0.32 0.20
183.18 0.00 0.03 0.26 0.20
182.48 0.00 0.03 0.36 0.20
182.83 0.00 0.03 0.36 0.20
183.18 0.00 0.03 0.50 0.20
182.83 0.00 0.03 0.66 0.20
182.83 0.00 0.03 0.84 0.20
182.48 0.00 0.03 1.05 0.20
182.83 0.00 1.01 1.24 0.20
183.54 0.00 1.01 1.53 1.33
182.48 0.00 1.01 1.66 1.33
182.83 0.00 1.01 1.98 1.33
182.83 0.00 1.01 2.31 1.33
182.83 0.00 1.01 2.65 2.35
183.18 0.00 1.01 2.73 2.35
182.83 0.00 1.01 2.73 2.35
182.83 0.00 1.01 2.73 2.35
182.83 0.00 1.01 3.01 2.62
182.83 0.00 1.01 3.01 2.62
182.83 0.00 1.01 2.87 2.62
182.83 0.00 1.01 2.87 2.62
183.18 0.00 1.01 3.04 2.62
182.83 0.00 1.01 3.15 2.62
183.18 0.00 1.01 3.15 2.62
182.83 0.00 1.01 3.15 2.62
182.83 0.00 1.01 3.15 2.70
183.18 0.00 1.01 3.15 2.70
182.83 0.00 1.01 3.15 2.70
183.18 0.00 1.01 3.15 2.70
183.54 0.00 1.01 3.15 2.27
182.83 0.00 1.01 3.15 2.27
183.18 0.00 1.01 3.15 2.27
182.83 0.00 1.01 2.43 2.27
183.18 0.00 1.01 2.43 2.27
182.83 0.00 1.01 2.43 1.98
182.83 0.00 1.01 2.43 1.98
182.83 0.00 1.01 2.43 1.98
182.83 0.00 1.01 2.43 1.98
183.18 0.00 1.01 2.43 1.98
183.18 0.00 1.01 2.43 1.98
183.18 0.00 1.01 2.43 1.98
182.83 0.00 1.01 2.43 1.98
182.83 0.00 1.01 2.43 1.98
182.83 0.00 1.01 2.43 1.98
182.48 0.00 1.01 2.43 1.98
183.18 0.00 1.01 2.43 1.98
183.54 0.00 1.01 2.43 1.55
182.48 0.00 1.01 2.43 1.55
182.83 0.00 1.01 1.84 1.55
182.83 0.00 1.01 1.84 1.55
182.83 0.00 1.01 1.84 1.55
182.83 0.00 1.01 1.84 1.55
182.48 0.00 1.01 1.84 1.55
183.18 0.00 1.01 1.84 1.55
