0133.32 0.00 0.00 0.00 0.00
115.99 0.00 0.00 0.00 0.00
110.33 0.00 0.00 0.00 0.00
130.14 0.00 0.00 0.00 0.00
149.94 0.00 0.00 0.00 0.00
141.10 0.00 0.00 0.00 0.00
138.27 0.00 0.00 0.00 0.00
155.60 0.00 0.00 0.00 0.00
126.60 0.00 0.00 0.00 0.00
169.39 0.00 0.00 0.00 0.00
120.24 0.00 0.00 0.00 0.00
176.46 0.00 0.00 0.00 0.00
116.70 0.00 0.00 0.00 0.00
177.52 0.00 0.00 0.00 0.00
121.65 0.00 0.00 0.00 0.00
170.10 0.00 0.00 0.00 0.00
121.65 0.00 0.00 0.00 0.00
156.31 0.00 0.00 0.00 0.00
129.78 0.00 0.00 0.00 0.00
141.45 0.00 0.00 0.00 0.00
140.75 0.00 0.00 0.00 0.00
127.31 0.00 0.00 0.00 0.00
150.29 0.00 0.00 0.00 0.00
112.81 0.00 0.00 0.00 0.00
163.03 0.00 0.00 0.00 0.00
100.79 0.00 0.00 0.00 0.00
163.73 0.00 0.00 0.00 0.00
100.08 0.00 0.00 0.00 0.00
165.50 0.00 0.00 0.00 0.00
102.55 0.00 0.00 0.00 0.00
153.83 0.00 0.00 0.00 0.00
114.22 0.00 0.00 0.00 0.00
140.39 0.00 0.00 0.00 0.00
125.19 0.00 0.00 0.00 0.00
128.37 0.00 0.00 0.00 0.00
138.62 0.00 0.00 0.00 0.00
114.22 0.00 0.00 0.00 0.00
151.36 0.00 0.00 0.00 0.00
102.20 0.00 0.00 0.00 0.00
157.01 0.00 0.00 0.00 0.00
97.25 0.00 0.00 0.00 0.35
158.07 0.00 0.00 0.00 0.35
102.20 0.00 0.00 0.35 0.70
157.72 0.00 0.00 0.35 1.05
98.66 0.00 0.00 0.35 1.05
153.12 0.00 0.00 0.35 0.70
98.66 0.00 0.00 0.35 0.70
151.36 0.00 0.00 0.00 0.70
109.27 0.00 0.00 0.00 0.35
138.27 0.00 0.00 0.35 0.35
120.24 0.00 0.00 0.35 1.05
125.19 0.00 0.00 0.35 2.11
137.56 0.00 0.00 0.35 3.52
112.46 0.00 0.00 0.35 5.98
144.99 0.00 0.00 0.35 8.79
111.39 0.00 0.00 1.05 11.95
130.84 0.00 0.00 2.46 15.47
138.62 0.00 0.00 3.52 18.98
113.16 0.00 0.00 5.27 22.15
165.85 0.00 0.00 7.38 24.26
107.50 0.00 0.00 9.49 26.02
171.51 0.00 0.00 11.95 26.72
133.67 0.00 0.00 14.77 27.07
130.49 0.00 0.00 17.93 26.72
174.70 0.00 0.00 21.45 26.37
114.58 0.00 0.00 24.96 25.31
161.26 0.00 0.00 28.48 23.91
159.14 0.00 0.00 31.99 21.45
119.17 0.00 0.00 35.16 18.98
185.66 0.00 0.00 37.97 16.17
134.38 0.00 0.00 40.43 12.66
147.82 0.00 0.00 41.84 8.44
175.40 0.00 0.00 42.89 4.22
127.66 0.00 0.00 43.24 0.35
193.44 0.00 0.00 43.24 4.22
130.49 0.00 0.00 42.89 9.49
166.21 0.00 0.00 42.54 14.41
199.45 0.00 0.00 41.84 18.98
136.50 0.00 0.00 41.13 23.20
173.63 0.00 0.00 39.73 28.12
209.71 0.00 0.00 37.97 32.70
146.76 0.00 0.35 35.51 36.91
159.49 0.00 0.35 31.99 40.43
204.40 0.00 0.35 27.77 42.54
166.56 0.00 0.35 23.20 42.89
118.11 0.00 0.00 17.93 42.89
156.66 0.00 0.00 12.66 42.89
155.95 0.00 0.00 6.68 42.54
100.43 0.00 0.00 1.41 41.84
153.83 0.00 0.00 4.22 40.43
108.57 0.00 0.00 9.49 37.97
115.28 0.00 0.00 14.41 35.51
125.89 0.00 0.00 18.28 33.75
68.96 0.00 0.35 20.74 31.29
124.83 0.00 0.00 22.15 28.83
93.71 0.00 0.00 23.20 26.02
86.29 0.00 0.00 23.91 22.15
109.98 0.00 0.00 24.61 18.28
56.58 0.00 0.00 24.61 14.06
115.64 0.00 0.00 23.91 9.14
68.61 0.00 0.00 23.20 3.87
110.33 0.00 0.35 22.15 1.41
71.43 0.00 0.35 21.09 6.68
114.22 0.00 0.70 20.04 10.90
82.40 0.00 0.70 18.28 15.82
101.49 0.00 0.70 15.82 19.69
101.49 0.00 0.70 13.01 22.85
83.10 0.00 0.70 9.49 25.31
113.16 0.00 0.70 6.68 27.07
90.53 0.00 0.70 3.87 28.83
115.28 0.00 0.35 0.70 30.59
108.57 0.00 0.35 2.46 31.64
146.05 0.00 0.35 6.33 31.99
92.65 0.00 0.35 10.20 32.70
160.90 0.00 0.35 14.06 33.05
109.27 0.00 0.00 18.28 33.05
129.43 0.00 0.00 22.15 31.99
157.37 0.00 0.00 26.02 29.88
101.49 0.00 0.00 30.23 27.77
164.79 0.00 0.00 33.75 24.61
144.28 0.00 0.00 37.27 21.09
120.24 0.00 0.00 40.78 16.52
186.37 0.00 0.00 43.59 11.25
123.06 0.00 0.00 45.70 5.27
165.15 0.00 0.00 47.81 0.35
158.07 0.00 0.35 48.87 5.98
112.10 0.00 0.35 49.57 10.90
163.38 0.00 0.35 49.22 15.47
190.96 0.00 0.35 48.87 19.34
139.69 0.00 0.35 47.46 23.20
135.44 0.00 0.35 46.05 27.07
197.33 0.00 0.00 43.95 30.94
177.52 0.00 0.00 41.13 33.75
128.02 0.00 0.00 37.62 35.86
180.71 0.00 0.00 33.05 37.97
165.50 0.00 0.00 27.42 39.38
112.46 0.00 0.00 21.80 39.73
161.96 0.00 0.00 16.17 39.38
145.34 0.00 0.00 10.55 38.67
94.07 0.00 0.00 5.27 37.97
150.65 0.00 0.00 0.35 36.56
101.85 0.00 0.00 4.22 34.10
105.38 0.00 0.00 8.79 31.29
119.88 0.00 0.00 12.66 27.77
78.86 0.00 0.00 16.52 24.26
136.15 0.00 0.00 19.34 20.04
80.28 0.00 0.00 21.80 15.47
111.04 0.00 0.00 23.20 11.25
113.87 0.00 0.00 23.55 7.38
71.08 0.00 0.00 22.50 3.16
125.89 0.00 0.00 21.09 0.70
69.31 0.00 0.00 19.69 4.92
123.42 0.00 0.00 17.93 8.79
71.43 0.00 0.00 15.47 13.36
126.60 0.00 0.00 12.30 17.93
70.02 0.00 0.00 8.44 21.80
135.44 0.00 0.00 4.57 24.61
81.69 0.00 0.00 0.35 27.42
153.48 0.00 0.35 3.52 29.53
93.71 0.00 0.35 7.38 30.94
159.84 0.00 0.35 10.20 32.34
117.05 0.00 0.35 12.30 33.40
127.31 0.00 0.35 13.36 33.75
158.78 0.00 0.35 13.36 32.34
95.13 0.00 0.35 11.95 30.94
151.00 0.00 0.35 9.49 29.53
104.32 0.00 0.35 6.68 27.77
115.99 0.00 0.35 3.87 25.31
117.05 0.00 0.35 0.35 22.85
83.10 0.00 0.35 3.16 19.69
119.88 0.00 0.35 6.68 16.87
83.46 0.00 0.70 9.84 14.41
115.99 0.00 0.70 13.01 11.25
79.57 0.00 0.70 15.82 7.38
121.65 0.00 0.70 16.52 3.52
79.21 0.00 1.05 16.17 0.35
129.78 0.00 1.41 16.17 4.22
80.98 0.00 1.41 16.52 9.14
139.33 0.00 1.41 16.87 14.06
93.71 0.00 1.41 16.52 19.34
137.92 0.00 1.41 16.17 23.55
135.80 0.00 1.41 15.12 27.77
107.50 0.00 1.41 13.36 31.99
169.39 0.00 1.41 11.25 35.86
119.17 0.00 1.41 8.09 39.73
147.11 0.00 1.41 4.92 42.19
139.69 0.00 1.41 1.05 43.24
109.63 0.00 1.41 3.16 43.24
168.33 0.00 1.41 8.44 42.89
116.70 0.00 1.41 14.06 42.54
142.16 0.00 1.41 20.04 42.19
192.73 0.00 1.41 26.37 41.48
153.83 0.00 1.41 33.05 39.73
170.45 0.00 1.41 39.02 37.27
198.39 0.00 1.41 44.65 34.80
137.21 0.00 1.41 48.87 31.64
136.86 0.00 1.05 52.38 28.48
176.46 0.00 1.05 54.49 24.61
127.31 0.00 1.05 55.55 20.74
112.46 0.00 1.05 55.55 16.17
156.66 0.00 0.70 54.49 11.60
112.81 0.00 0.70 53.44 6.68
106.80 0.00 0.70 51.68 1.41
146.40 0.00 0.70 49.22 3.16
83.10 0.00 0.70 47.11 7.38
140.04 0.00 0.70 44.30 11.25
84.87 0.00 0.35 41.48 15.12
104.32 0.00 0.35 38.67 17.93
113.52 0.00 0.35 35.16 20.39
61.18 0.00 0.70 31.64 22.50
121.30 0.00 0.70 28.12 23.91
66.13 0.00 1.05 24.61 24.61
88.06 0.00 1.05 21.09 24.96
89.12 0.00 1.41 17.58 24.96
56.94 0.00 1.41 13.01 24.61
99.02 0.00 1.41 8.44 23.91
40.67 0.00 1.41 4.22 22.85
98.31 0.00 1.41 0.70 21.45
40.67 0.00 1.41 2.46 20.04
101.85 0.00 1.41 4.92 17.93
43.14 0.00 1.41 7.03 14.41
99.72 0.00 1.41 8.79 11.25
50.92 0.00 1.41 9.84 9.14
88.41 0.00 1.41 10.90 7.03
74.62 0.00 1.76 11.60 4.22
81.69 0.00 1.76 12.30 1.76
93.36 0.00 1.76 13.01 1.76
76.74 0.00 1.76 13.71 6.33
90.53 0.00 1.76 14.06 10.90
105.38 0.00 1.76 14.06 15.47
74.26 0.00 1.76 13.36 20.04
138.62 0.00 1.76 12.66 23.91
90.88 0.00 1.76 11.25 27.42
127.66 0.00 1.76 9.49 30.59
130.14 0.00 1.76 7.73 33.75
118.47 0.00 1.76 5.98 37.27
161.26 0.00 1.76 3.87 40.43
104.68 0.00 1.76 0.70 42.54
155.95 0.00 1.76 3.16 43.24
113.16 0.00 2.11 7.73 43.24
128.02 0.00 2.11 13.01 43.24
169.39 0.00 2.11 18.98 43.24
125.19 0.00 2.11 25.31 42.54
148.88 0.00 2.11 31.99 41.84
206.52 0.00 2.11 38.32 40.08
163.73 0.00 2.11 44.65 38.32
159.84 0.00 2.11 50.27 35.51
186.72 0.00 2.11 54.84 31.99
142.87 0.00 2.11 58.36 27.77
132.61 0.00 1.76 58.71 23.91
171.87 0.00 1.76 57.66 20.04
124.13 0.00 1.41 57.30 15.47
110.33 0.00 1.41 57.30 10.55
157.01 0.00 1.41 56.95 5.63
111.04 0.00 1.41 55.90 0.70
115.64 0.00 1.41 54.14 3.87
141.10 0.00 1.41 51.33 8.09
89.12 0.00 1.41 48.16 11.60
139.69 0.00 1.41 44.65 14.77
76.39 0.00 1.41 40.78 17.58
107.50 0.00 1.76 36.91 20.39
100.43 0.00 1.76 32.70 22.50
57.64 0.00 1.76 28.48 24.26
114.58 0.00 1.76 23.91 24.96
56.23 0.00 1.76 19.34 25.31
86.99 0.00 1.76 14.77 24.96
67.54 0.00 1.76 10.55 23.55
53.75 0.00 1.76 6.68 21.09
83.81 0.00 1.76 3.52 18.28
48.45 0.00 1.76 0.35 15.82
89.82 0.00 1.76 2.46 13.01
54.81 0.00 1.76 4.57 9.84
73.91 0.00 1.76 5.63 7.03
86.29 0.00 1.76 6.33 4.57
47.03 0.00 2.11 7.03 2.11
107.15 0.00 2.11 7.38 0.70
51.98 0.00 2.11 7.73 4.22
111.75 0.00 2.11 7.73 7.38
56.58 0.00 2.11 7.73 10.55
117.41 0.00 2.11 8.09 14.06
68.61 0.00 2.11 8.09 17.58
124.48 0.00 2.11 7.73 21.09
92.65 0.00 2.11 7.03 24.26
120.59 0.00 2.11 5.98 27.42
110.33 0.00 2.11 4.92 30.59
114.93 0.00 2.11 3.52 34.10
160.55 0.00 2.11 1.76 36.91
106.44 0.00 2.11 0.35 39.38
175.40 0.00 2.46 2.11 40.78
144.28 0.00 2.46 3.87 41.48
142.16 0.00 2.46 5.27 41.48
187.78 0.00 2.46 6.68 41.48
126.95 0.00 2.46 8.09 41.84
159.14 0.00 2.46 9.84 42.54
156.31 0.00 2.46 12.30 42.89
115.99 0.00 2.46 15.47 42.89
164.09 0.00 2.46 19.34 42.54
162.32 0.00 2.46 23.91 41.84
125.89 0.00 2.46 28.48 40.78
183.18 0.00 2.46 33.75 38.67
190.96 0.00 2.46 38.67 36.21
142.16 0.00 2.46 42.89 33.75
176.11 0.00 2.46 46.41 31.64
188.49 0.00 2.46 48.87 30.59
135.09 0.00 2.46 49.57 30.23
164.09 0.00 2.46 49.22 31.29
189.19 0.00 2.46 47.81 32.70
136.86 0.00 2.46 45.70 34.80
166.56 0.00 2.46 42.89 36.91
187.78 0.00 2.46 39.02 39.02
124.13 0.00 2.46 34.45 40.78
141.45 0.00 2.46 29.18 41.84
172.93 0.00 2.46 23.55 41.84
107.86 0.00 2.46 17.58 41.13
107.50 0.00 2.46 11.25 40.08
124.83 0.00 2.46 4.92 37.97
69.67 0.00 2.46 1.05 34.10
110.69 0.00 2.46 6.33 30.23
75.68 0.00 2.46 10.55 25.31
82.04 0.00 2.46 14.06 20.04
93.01 0.00 2.46 16.17 14.06
60.12 0.00 2.46 17.58 9.14
109.27 0.00 2.81 17.23 4.92
54.11 0.00 2.81 15.82 0.35
114.58 0.00 2.81 14.41 5.27
57.29 0.00 2.81 12.66 10.20
119.17 0.00 2.81 10.20 14.77
64.01 0.00 2.81 7.73 19.34
123.06 0.00 2.81 4.57 23.20
67.54 0.00 2.81 1.41 26.37
134.03 0.00 2.81 1.76 29.53
84.52 0.00 2.81 5.63 31.99
152.77 0.00 2.81 9.14 33.75
107.50 0.00 2.81 13.36 35.51
129.43 0.00 2.81 17.58 36.56
163.03 0.00 2.81 21.80 36.91
108.21 0.00 2.81 26.02 36.56
166.21 0.00 2.81 29.88 35.86
149.59 0.00 2.81 34.10 34.80
132.97 0.00 2.81 37.62 32.70
197.33 0.00 2.81 40.43 30.59
140.75 0.00 2.81 42.89 27.42
164.79 0.00 2.81 45.00 23.91
181.06 0.00 2.81 46.41 20.04
130.14 0.00 2.81 47.81 16.17
187.43 0.00 2.81 49.22 11.95
154.18 0.00 2.81 50.27 7.38
149.94 0.00 2.81 50.98 3.16
178.59 0.00 2.81 51.33 1.41
117.76 0.00 2.81 51.68 6.33
176.11 0.00 2.81 51.33 10.90
160.20 0.00 2.81 50.98 15.12
125.19 0.00 2.81 50.27 18.98
183.54 0.00 2.81 49.22 23.20
177.17 0.00 2.81 47.81 27.77
135.80 0.00 2.81 46.05 31.99
196.97 0.00 2.81 43.95 35.86
183.18 0.00 2.81 41.13 39.02
135.09 0.00 2.81 38.32 41.13
181.06 0.00 2.81 35.16 41.48
183.54 0.00 2.81 31.64 41.13
124.83 0.00 2.81 27.77 40.43
160.55 0.00 2.81 23.91 40.08
170.45 0.00 2.81 19.69 40.08
111.75 0.00 2.81 14.77 40.08
138.98 0.00 2.81 9.84 39.73
139.33 0.00 2.81 4.92 38.67
82.75 0.00 2.81 0.70 37.27
136.50 0.00 2.81 3.16 35.16
71.08 0.00 2.81 6.68 31.99
117.41 0.00 2.81 9.49 27.77
79.21 0.00 3.16 12.30 23.20
82.04 0.00 3.16 14.77 17.93
95.48 0.00 3.16 16.17 13.01
58.70 0.00 3.16 16.87 8.44
113.52 0.00 3.16 16.52 4.22
54.81 0.00 3.52 15.47 0.70
111.04 0.00 3.52 14.06 4.92
55.87 0.00 3.52 12.30 9.14
112.10 0.00 3.52 10.55 13.01
55.87 0.00 3.52 8.79 17.58
119.17 0.00 3.52 6.33 21.45
67.54 0.00 3.52 3.52 24.96
134.73 0.00 3.87 0.35 27.07
78.15 0.00 3.87 3.16 29.18
145.34 0.00 3.87 7.03 31.29
92.65 0.00 3.87 11.60 32.70
152.42 0.00 3.87 16.87 33.40
130.14 0.00 3.87 22.85 33.75
117.05 0.00 3.87 28.48 33.40
177.52 0.00 3.87 33.40 33.05
127.31 0.00 3.87 37.62 32.34
164.44 0.00 3.87 40.78 30.94
180.35 0.00 3.87 42.54 29.88
125.54 0.00 3.87 42.54 28.83
182.83 0.00 3.87 41.48 28.12
142.16 0.00 3.87 40.08 27.77
127.31 0.00 3.87 37.62 27.42
167.62 0.00 3.87 34.80 28.12
98.31 0.00 3.87 31.99 29.18
143.22 0.00 3.87 28.48 29.53
121.30 0.00 3.87 24.96 29.53
86.29 0.00 3.87 21.09 28.48
136.50 0.00 3.87 16.87 26.72
71.43 0.00 4.22 12.66 23.91
110.69 0.00 4.22 8.44 22.15
84.17 0.00 4.22 4.22 20.04
89.47 0.00 4.22 0.70 16.87
88.41 0.00 4.57 2.46 13.01
94.42 0.00 4.57 5.27 8.79
72.50 0.00 4.57 7.73 4.22
123.06 0.00 4.57 9.84 0.70
61.53 0.00 4.57 11.95 5.98
121.30 0.00 4.57 13.36 10.90
89.82 0.00 4.57 15.12 15.82
100.08 0.00 4.57 16.17 19.69
134.03 0.00 4.57 16.52 23.20
85.58 0.00 4.57 16.87 26.72
145.70 0.00 4.57 16.17 30.23
119.17 0.00 4.57 14.77 33.75
125.54 0.00 4.57 13.01 37.62
172.57 0.00 4.57 10.90 41.13
101.14 0.00 4.57 8.44 43.59
139.69 0.00 4.57 5.27 44.30
111.75 0.00 4.57 1.76 44.65
119.17 0.00 4.57 2.11 44.65
152.42 0.00 4.57 7.03 44.65
101.49 0.00 4.57 12.30 44.65
150.65 0.00 4.57 18.28 44.30
172.22 0.00 4.57 24.26 43.95
128.37 0.00 4.57 30.59 43.24
185.30 0.00 4.57 36.56 41.84
210.41 0.00 4.57 42.19 39.73
144.64 0.00 4.57 46.41 37.62
167.62 0.00 4.57 50.27 34.80
186.37 0.00 4.57 52.73 31.29
126.60 0.00 4.57 54.14 27.42
147.47 0.00 4.57 54.49 23.55
168.33 0.00 4.57 54.14 18.98
109.98 0.00 4.22 53.44 13.36
124.48 0.00 4.22 52.03 7.38
152.06 0.00 4.22 50.27 1.41
93.01 0.00 4.22 47.81 4.57
150.65 0.00 4.22 45.35 9.84
86.99 0.00 4.22 42.19 14.06
118.82 0.00 4.22 39.02 17.58
106.80 0.00 4.57 35.16 20.74
66.13 0.00 4.57 31.29 23.20
120.24 0.00 4.57 27.42 24.96
62.59 0.00 4.92 23.55 26.37
94.07 0.00 4.92 19.69 27.77
81.34 0.00 4.92 16.17 28.48
65.07 0.00 4.92 13.01 28.83
103.61 0.00 4.92 10.90 29.18
45.27 0.00 4.92 9.49 29.18
105.38 0.00 4.92 9.14 28.83
54.81 0.00 4.92 9.49 28.48
104.32 0.00 4.92 10.20 28.12
84.17 0.00 4.92 11.95 28.12
82.40 0.00 4.92 13.71 28.12
115.64 0.00 4.92 15.82 27.77
67.90 0.00 4.92 18.63 27.42
133.67 0.00 4.92 21.45 26.72
96.90 0.00 4.92 24.61 25.31
109.27 0.00 5.27 27.77 23.20
140.39 0.00 5.27 30.94 20.74
84.87 0.00 5.27 33.75 17.58
158.43 0.00 5.27 35.86 14.77
122.36 0.00 5.27 37.62 11.60
123.06 0.00 5.27 38.67 9.14
158.07 0.00 5.27 38.67 6.68
101.14 0.00 5.27 38.32 4.22
162.67 0.00 5.27 37.62 2.11
101.14 0.00 5.27 36.91 1.05
126.60 0.00 5.27 35.86 4.57
135.44 0.00 5.27 35.16 7.73
85.23 0.00 5.27 33.75 9.84
144.99 0.00 5.27 32.34 11.60
104.32 0.00 5.27 30.23 12.30
83.46 0.00 5.27 28.12 12.66
134.73 0.00 5.27 25.66 12.66
84.87 0.00 5.27 23.20 12.30
83.46 0.00 5.27 20.39 12.30
119.53 0.00 5.27 17.93 11.95
64.01 0.00 4.92 15.12 11.60
93.01 0.00 4.92 12.66 10.90
99.02 0.00 4.92 10.55 9.84
56.58 0.00 4.92 8.79 8.44
109.98 0.00 4.92 7.73 7.03
54.11 0.00 4.92 7.03 5.63
113.87 0.00 4.92 7.03 4.57
58.70 0.00 4.92 7.38 4.22
113.52 0.00 4.92 7.73 3.87
74.26 0.00 4.92 8.09 3.52
103.26 0.00 4.92 8.44 3.52
93.01 0.00 4.92 8.79 3.52
90.88 0.00 4.92 9.14 3.16
104.68 0.00 4.92 9.49 3.16
77.45 0.00 4.92 9.49 3.52
116.70 0.00 4.92 9.49 3.52
67.19 0.00 4.92 9.49 3.87
126.95 0.00 4.92 9.49 3.87
68.61 0.00 4.92 9.49 3.87
128.02 0.00 4.57 9.49 3.52
77.80 0.00 4.57 9.49 3.16
119.88 0.00 4.57 9.49 2.81
89.82 0.00 4.57 9.84 2.46
107.15 0.00 4.57 9.84 2.46
107.50 0.00 4.57 9.84 2.11
83.81 0.00 4.57 9.84 2.11
123.42 0.00 4.57 10.20 1.76
72.14 0.00 4.57 10.20 1.76
135.44 0.00 4.57 10.20 1.41
93.01 0.00 4.57 10.20 1.41
104.68 0.00 4.57 10.20 1.41
128.72 0.00 4.57 10.20 1.41
75.68 0.00 4.57 10.20 1.41
138.98 0.00 4.57 10.20 1.76
100.79 0.00 4.57 9.84 1.76
111.04 0.00 4.57 9.84 1.76
129.08 0.00 4.57 9.84 2.11
88.76 0.00 4.57 9.49 2.11
143.93 0.00 4.57 9.49 2.46
83.46 0.00 4.57 9.14 2.81
148.88 0.00 4.57 9.14 2.81
85.93 0.00 4.57 9.14 3.16
144.64 0.00 4.57 8.79 3.52
97.25 0.00 4.57 8.79 3.52
130.84 0.00 4.57 8.44 3.87
114.93 0.00 4.57 8.44 4.22
104.68 0.00 4.57 8.44 4.22
139.33 0.00 4.57 8.09 4.57
83.81 0.00 4.57 8.09 4.57
148.17 0.00 4.57 8.09 4.92
82.04 0.00 4.57 8.09 4.92
144.99 0.00 4.57 8.09 4.92
86.29 0.00 4.57 8.09 4.92
129.08 0.00 4.57 8.09 5.27
96.54 0.00 4.57 8.44 5.27
105.38 0.00 4.57 8.44 5.27
109.27 0.00 4.57 8.44 5.27
76.03 0.00 4.57 8.44 5.27
120.94 0.00 4.57 8.44 5.27
63.65 0.00 4.57 8.44 5.27
125.89 0.00 4.57 8.44 5.27
59.06 0.00 4.57 8.44 4.92
121.65 0.00 4.57 8.44 4.92
66.84 0.00 4.57 8.44 4.92
111.39 0.00 4.57 8.44 4.92
81.69 0.00 4.57 8.44 4.92
94.42 0.00 4.57 8.44 4.57
93.01 0.00 4.57 8.44 4.57
90.53 0.00 4.57 8.44 4.57
102.55 0.00 4.57 8.44 4.57
77.45 0.00 4.57 8.44 4.57
119.53 0.00 4.57 8.44 4.57
66.84 0.00 4.57 8.44 4.57
132.26 0.00 4.57 8.44 4.57
65.78 0.00 4.57 8.44 4.92
132.97 0.00 4.57 8.44 4.92
73.56 0.00 4.57 8.44 4.92
123.06 0.00 4.57 8.44 4.92
88.06 0.00 4.57 8.44 4.92
106.44 0.00 4.57 8.44 4.92
106.80 0.00 4.57 8.44 4.92
80.28 0.00 4.57 8.44 4.92
122.36 0.00 4.57 8.44 4.92
67.54 0.00 4.57 8.44 4.92
129.78 0.00 4.57 8.44 4.92
67.54 0.00 4.57 8.44 4.92
127.31 0.00 4.57 8.44 4.92
75.32 0.00 4.57 8.44 4.92
118.82 0.00 4.57 8.44 4.57
90.18 0.00 4.57 8.44 4.57
99.72 0.00 4.57 8.44 4.57
98.31 0.00 4.57 8.44 4.57
93.36 0.00 4.57 8.44 4.57
105.38 0.00 4.57 8.44 4.57
82.40 0.00 4.57 8.44 4.57
120.24 0.00 4.57 8.44 4.57
75.32 0.00 4.57 8.44 4.57
131.55 0.00 4.57 8.44 4.57
71.43 0.00 4.57 8.44 4.57
132.26 0.00 4.57 8.44 4.57
77.45 0.00 4.57 8.44 4.57
124.13 0.00 4.57 8.44 4.57
93.36 0.00 4.57 8.44 4.57
109.63 0.00 4.57 8.44 4.57
109.98 0.00 4.57 8.44 4.57
86.29 0.00 4.57 8.44 4.57
123.77 0.00 4.57 8.44 4.57
75.32 0.00 4.57 8.44 4.57
133.32 0.00 4.57 8.44 4.57
74.26 0.00 4.57 8.44 4.57
134.38 0.00 4.57 8.44 4.57
80.63 0.00 4.57 8.44 4.57
126.25 0.00 4.57 8.44 4.57
95.48 0.00 4.57 8.44 4.57
112.10 0.00 4.57 8.44 4.57
112.81 0.00 4.57 8.44 4.57
89.12 0.00 4.57 8.44 4.57
127.31 0.00 4.57 8.44 4.57
78.51 0.00 4.57 8.44 4.57
