
76.39 0.00 0.35 0.35 3.87
128.72 0.00 0.35 0.70 3.87
79.57 0.00 0.70 1.05 3.87
113.52 0.00 1.05 1.41 3.87
94.77 0.00 1.41 1.41 3.87
96.19 0.00 1.76 1.41 3.52
121.30 0.00 2.11 1.41 3.52
79.57 0.00 2.81 1.05 3.52
130.84 0.00 3.52 0.70 3.52
78.86 0.00 3.87 0.70 3.52
124.48 0.00 4.57 0.70 3.52
91.24 0.00 4.92 0.70 3.52
106.44 0.00 5.63 0.70 3.52
108.21 0.00 6.33 0.35 3.52
94.77 0.00 7.03 0.35 3.52
130.49 0.00 7.73 0.35 3.52
81.34 0.00 8.79 0.35 3.52
129.78 0.00 9.49 0.35 3.16
80.28 0.00 10.20 0.00 3.16
127.31 0.00 10.90 0.00 3.16
83.81 0.00 11.95 0.00 3.16
127.66 0.00 12.66 0.00 3.16
83.10 0.00 13.71 0.00 3.16
123.77 0.00 14.41 0.00 3.16
84.87 0.00 15.12 0.00 3.16
121.30 0.00 16.17 0.35 3.16
83.46 0.00 17.23 0.70 3.16
131.20 0.00 17.93 0.70 3.16
80.28 0.00 18.63 0.70 3.16
132.61 0.00 19.34 0.70 3.16
86.29 0.00 19.69 0.35 2.81
126.60 0.00 20.04 0.35 2.81
98.66 0.00 20.74 0.35 2.81
115.99 0.00 21.09 0.35 2.81
111.75 0.00 21.09 0.35 2.81
96.54 0.00 21.45 0.35 2.46
125.19 0.00 21.45 0.35 2.46
88.06 0.00 21.45 0.00 2.46
134.38 0.00 21.45 0.00 2.81
88.06 0.00 21.45 0.35 3.16
132.97 0.00 21.09 0.35 3.16
84.87 0.00 21.09 0.70 3.52
134.73 0.00 21.09 0.70 3.87
88.41 0.00 21.09 0.70 4.22
130.84 0.00 21.09 1.05 4.57
100.08 0.00 21.09 1.05 4.92
111.75 0.00 21.09 1.05 5.27
119.17 0.00 21.09 1.05 5.27
93.71 0.00 21.09 1.05 5.27
133.67 0.00 21.09 1.05 5.63
87.35 0.00 21.09 1.05 5.63
143.58 0.00 21.09 1.41 5.98
84.52 0.00 21.09 1.41 5.98
136.86 0.00 21.09 1.41 5.98
96.54 0.00 21.09 1.41 6.33
126.95 0.00 21.09 1.76 6.33
110.33 0.00 21.09 1.76 6.33
106.09 0.00 21.09 2.11 6.33
129.43 0.00 21.09 2.46 6.33
94.07 0.00 21.09 2.81 5.98
138.62 0.00 21.09 3.52 5.63
89.82 0.00 21.09 4.22 5.63
137.21 0.00 21.09 5.27 4.92
94.07 0.00 21.09 5.98 4.22
131.91 0.00 21.09 7.03 3.52
105.74 0.00 21.09 7.73 2.46
113.87 0.00 21.09 8.44 1.05
128.72 0.00 21.09 9.14 0.35
91.94 0.00 21.09 9.49 2.11
142.87 0.00 21.09 9.49 4.22
104.68 0.00 21.09 9.14 6.33
116.70 0.00 21.09 8.79 7.73
142.16 0.00 21.09 7.73 8.79
95.13 0.00 21.09 6.68 9.49
141.81 0.00 21.09 5.27 10.55
121.65 0.00 21.09 3.87 11.25
97.96 0.00 21.45 2.11 12.66
144.64 0.00 21.45 0.70 13.36
118.47 0.00 21.45 1.05 14.06
105.38 0.00 21.45 2.46 14.41
146.40 0.00 21.45 3.87 14.41
98.66 0.00 21.45 5.27 14.41
132.61 0.00 21.45 6.33 14.41
126.25 0.00 21.45 7.03 14.41
96.90 0.00 21.80 7.73 14.77
147.11 0.00 21.80 8.79 14.77
98.66 0.00 22.15 9.49 14.77
130.84 0.00 22.15 10.20 14.41
134.03 0.00 22.50 10.90 14.41
93.36 0.00 22.50 11.60 14.06
134.38 0.00 22.50 12.30 14.06
129.43 0.00 22.50 12.66 13.71
94.42 0.00 22.50 13.36 13.36
137.21 0.00 22.85 13.71 12.66
125.54 0.00 22.85 14.41 12.30
94.07 0.00 22.85 15.12 11.95
142.51 0.00 22.85 15.82 11.25
120.59 0.00 22.85 16.52 10.55
96.19 0.00 22.85 16.52 9.49
143.58 0.00 22.85 16.17 8.44
100.08 0.00 22.85 15.82 7.38
119.88 0.00 22.85 15.12 6.68
136.86 0.00 22.85 14.77 5.98
91.94 0.00 22.85 14.41 5.63
142.16 0.00 22.85 14.41 5.63
107.86 0.00 22.85 14.41 5.63
109.98 0.00 22.85 14.41 5.98
140.04 0.00 22.85 14.77 6.33
91.59 0.00 22.85 14.77 6.68
136.50 0.00 22.85 15.12 7.73
116.70 0.00 22.85 15.47 9.49
101.14 0.00 23.20 15.82 11.60
144.99 0.00 23.20 15.82 14.06
120.59 0.00 23.20 15.47 16.52
105.38 0.00 23.20 15.12 17.58
151.71 0.00 23.55 14.77 18.28
123.42 0.00 23.55 14.06 18.63
102.55 0.00 23.55 13.71 18.98
146.76 0.00 23.55 13.71 18.98
124.83 0.00 23.55 13.71 19.69
96.90 0.00 23.91 14.06 19.69
149.59 0.00 23.91 14.06 19.69
119.17 0.00 23.91 14.06 20.04
100.43 0.00 23.91 13.71 20.04
145.70 0.00 23.91 13.36 20.04
122.36 0.00 23.91 13.01 20.04
105.38 0.00 23.91 12.66 20.04
142.87 0.00 23.91 12.66 19.69
124.83 0.00 23.91 12.66 19.34
95.48 0.00 23.91 12.66 19.34
143.93 0.00 23.91 12.30 18.98
120.24 0.00 23.91 12.30 18.98
96.54 0.00 23.91 12.30 19.34
146.76 0.00 23.91 12.30 19.34
115.64 0.00 23.55 12.30 19.34
99.72 0.00 23.55 12.30 19.34
145.34 0.00 23.55 12.30 19.34
111.39 0.00 23.55 11.95 19.34
103.97 0.00 23.55 11.95 18.98
146.76 0.00 23.55 11.95 18.98
114.58 0.00 23.55 11.95 18.98
100.79 0.00 23.55 11.60 18.98
144.64 0.00 23.55 11.60 18.63
117.41 0.00 23.55 11.25 18.63
97.96 0.00 23.55 10.90 18.28
147.47 0.00 23.55 10.90 18.28
113.52 0.00 23.55 10.55 17.93
101.49 0.00 23.55 10.20 17.93
144.64 0.00 23.55 10.20 17.58
116.70 0.00 23.55 9.84 16.87
105.38 0.00 23.55 9.49 16.17
146.40 0.00 23.55 9.14 15.82
98.66 0.00 23.55 8.79 15.47
133.67 0.00 23.55 8.44 15.47
125.19 0.00 23.55 8.44 15.12
97.96 0.00 23.55 8.09 14.77
145.34 0.00 23.55 8.09 14.41
99.02 0.00 23.55 8.09 14.41
133.67 0.00 23.55 8.09 14.06
127.31 0.00 23.55 8.09 13.71
99.02 0.00 23.55 8.44 13.01
146.40 0.00 23.55 8.44 12.30
99.72 0.00 23.55 8.44 11.95
131.91 0.00 23.55 8.44 11.25
127.31 0.00 23.55 8.44 10.90
98.66 0.00 23.55 8.44 10.90
144.28 0.00 23.55 8.79 10.90
97.60 0.00 23.55 8.79 10.55
127.66 0.00 23.55 8.79 11.25
125.89 0.00 23.55 9.14 13.36
96.54 0.00 23.55 9.14 14.06
144.28 0.00 23.55 9.49 11.95
101.85 0.00 23.55 9.49 10.55
121.65 0.00 23.55 9.49 10.90
138.27 0.00 23.55 9.49 10.90
96.19 0.00 23.55 9.49 11.60
146.76 0.00 23.55 9.14 11.60
109.98 0.00 23.55 8.79 11.60
114.93 0.00 23.55 8.44 10.90
152.77 0.00 23.55 7.73 10.55
97.96 0.00 23.55 7.38 10.20
143.93 0.00 23.55 7.03 9.84
112.10 0.00 23.55 6.68 9.49
122.00 0.00 23.55 6.33 9.49
134.38 0.00 23.55 6.33 9.49
102.91 0.00 23.55 6.33 9.49
147.82 0.00 23.55 6.33 9.84
97.60 0.00 23.55 6.68 9.84
148.88 0.00 23.55 6.68 9.84
104.32 0.00 23.55 6.68 9.84
131.55 0.00 23.55 6.68 9.84
122.36 0.00 23.55 6.33 9.84
111.39 0.00 23.55 6.33 9.49
143.93 0.00 23.55 6.33 9.49
97.96 0.00 23.55 6.33 9.14
149.59 0.00 23.55 6.33 9.14
99.02 0.00 23.55 5.98 9.14
147.47 0.00 23.20 5.98 9.14
109.27 0.00 22.85 5.98 8.79
127.66 0.00 22.50 5.98 8.79
126.95 0.00 21.80 6.33 8.44
108.92 0.00 21.45 6.33 8.44
146.76 0.00 20.74 6.68 8.44
97.96 0.00 20.04 6.68 8.44
148.88 0.00 19.34 6.68 8.44
100.43 0.00 18.63 6.33 8.44
139.33 0.00 17.58 6.33 8.09
119.88 0.00 16.17 6.33 8.09
117.41 0.00 15.12 6.33 8.09
142.16 0.00 14.06 6.33 8.09
99.72 0.00 13.01 5.98 8.09
149.59 0.00 11.95 5.98 8.09
95.83 0.00 10.90 6.33 7.73
149.59 0.00 9.84 6.33 7.73
97.25 0.00 8.79 6.33 7.73
148.53 0.00 7.73 6.68 7.73
95.48 0.00 6.68 7.03 7.73
147.47 0.00 5.98 7.03 7.73
94.77 0.00 4.92 7.03 7.38
147.47 0.00 3.87 7.03 7.03
95.13 0.00 3.16 6.68 7.03
149.59 0.00 2.81 6.33 7.03
98.66 0.00 2.11 5.63 7.03
149.59 0.00 1.41 5.27 7.03
99.37 0.00 1.05 4.57 7.03
149.23 0.00 0.35 4.57 7.03
101.14 0.00 0.35 4.22 7.03
153.12 0.00 1.41 4.22 7.38
103.97 0.00 2.11 4.22 7.38
141.10 0.00 2.81 4.57 7.38
124.13 0.00 3.16 4.92 7.38
120.24 0.00 3.87 4.92 7.38
146.05 0.00 4.57 5.27 7.38
102.55 0.00 4.92 5.27 7.38
153.83 0.00 5.27 5.27 7.38
103.61 0.00 5.98 4.92 7.38
142.87 0.00 6.33 4.57 7.03
125.54 0.00 6.68 4.57 7.03
121.65 0.00 7.38 4.22 7.03
146.05 0.00 7.73 4.22 7.03
105.74 0.00 8.09 4.22 7.38
154.89 0.00 8.44 4.57 7.38
103.61 0.00 8.79 4.57 7.38
146.40 0.00 9.14 4.57 7.03
123.77 0.00 9.49 4.57 7.03
124.13 0.00 9.49 4.57 7.03
144.64 0.00 9.84 4.22 7.03
107.50 0.00 10.55 4.22 7.38
154.89 0.00 10.90 4.57 7.03
116.70 0.00 11.25 5.27 7.03
123.77 0.00 11.60 5.63 7.03
152.06 0.00 11.60 5.98 7.03
103.61 0.00 11.60 5.63 7.03
144.64 0.00 11.60 5.27 7.03
134.38 0.00 11.60 5.27 7.03
109.27 0.00 11.95 4.92 7.03
155.95 0.00 11.95 4.92 7.38
115.28 0.00 11.95 4.57 7.38
128.02 0.00 12.30 4.57 7.38
152.42 0.00 12.66 4.57 7.38
104.32 0.00 13.36 4.92 7.38
146.76 0.00 13.71 5.27 7.38
132.61 0.00 14.06 5.27 7.38
110.69 0.00 14.41 5.27 7.38
158.43 0.00 14.41 4.92 7.73
113.16 0.00 14.77 4.57 7.73
132.97 0.00 14.77 3.87 7.73
149.59 0.00 14.77 3.16 8.09
100.79 0.00 14.77 2.81 8.09
154.18 0.00 14.77 2.46 8.09
130.84 0.00 14.77 2.11 8.44
117.05 0.00 14.77 2.11 8.44
160.20 0.00 14.77 2.11 8.44
111.39 0.00 14.77 2.11 8.44
136.86 0.00 14.77 2.11 8.44
148.17 0.00 14.77 2.11 8.44
107.15 0.00 14.77 2.11 8.44
155.95 0.00 14.41 2.11 8.44
127.31 0.00 14.41 2.11 8.44
121.65 0.00 14.41 2.11 8.44
159.49 0.00 14.06 2.11 8.44
110.33 0.00 14.06 2.11 8.44
141.10 0.00 14.06 2.11 8.44
145.34 0.00 13.71 1.76 8.09
110.69 0.00 13.71 1.76 7.73
159.84 0.00 13.71 1.76 7.38
128.02 0.00 13.71 1.76 6.68
129.43 0.00 13.71 1.41 6.33
162.32 0.00 13.71 1.41 5.98
110.33 0.00 13.71 1.41 5.98
147.11 0.00 13.71 1.41 6.33
143.58 0.00 13.36 1.76 7.03
111.04 0.00 13.36 1.76 7.73
159.84 0.00 13.36 1.76 8.79
122.36 0.00 13.36 1.76 9.14
126.60 0.00 13.36 1.41 8.44
159.49 0.00 13.36 1.05 8.44
110.33 0.00 13.36 0.70 8.09
152.06 0.00 13.36 0.70 8.09
142.51 0.00 13.36 0.70 7.73
112.46 0.00 13.36 0.70 7.03
163.73 0.00 13.36 1.05 6.33
122.36 0.00 13.36 1.41 5.98
134.73 0.00 13.36 1.76 5.63
160.90 0.00 13.36 1.76 5.27
112.81 0.00 13.36 2.11 4.57
157.72 0.00 13.36 2.11 3.52
141.81 0.00 13.36 2.11 2.46
116.70 0.00 13.36 1.76 1.41
167.62 0.00 13.36 1.05 0.35
125.54 0.00 13.36 0.70 0.70
151.71 0.00 13.36 0.00 1.76
147.11 0.00 13.36 0.35 2.81
121.30 0.00 13.36 1.05 3.87
172.93 0.00 13.36 1.76 4.57
129.43 0.00 13.36 2.46 5.27
143.58 0.00 13.36 3.52 6.33
165.50 0.00 13.36 4.22 7.03
119.53 0.00 13.36 4.92 7.73
165.85 0.00 13.36 5.63 8.79
146.76 0.00 13.36 5.98 9.49
128.72 0.00 13.36 5.98 10.20
171.87 0.00 13.36 5.98 10.90
143.58 0.00 13.36 6.33 11.25
125.19 0.00 13.36 6.68 11.60
173.28 0.00 13.36 6.68 11.60
147.11 0.00 13.36 7.03 11.60
122.00 0.00 13.36 7.03 11.60
167.27 0.00 13.36 7.03 11.95
149.94 0.00 13.36 7.73 11.95
121.65 0.00 13.36 8.44 12.30
167.62 0.00 13.36 9.49 12.66
153.48 0.00 13.36 10.90 13.01
115.99 0.00 13.36 12.30 13.36
146.40 0.00 13.36 13.71 14.06
172.93 0.00 13.36 15.12 14.41
138.98 0.00 13.36 16.52 14.41
120.59 0.00 13.01 17.23 13.71
163.03 0.00 13.01 17.58 12.30
167.27 0.00 13.01 17.58 10.90
125.89 0.00 13.01 17.93 9.14
140.39 0.00 13.01 17.93 7.38
173.63 0.00 13.01 17.93 6.33
128.37 0.00 13.01 17.93 5.98
135.44 0.00 13.01 18.63 5.63
172.93 0.00 13.01 18.98 5.63
132.61 0.00 13.01 20.04 5.98
132.26 0.00 13.01 20.74 7.03
178.59 0.00 13.01 21.45 8.09
135.44 0.00 13.01 22.15 9.14
128.37 0.00 13.01 22.50 10.55
169.39 0.00 13.01 22.85 11.95
156.31 0.00 13.01 23.20 13.36
119.53 0.00 13.01 23.20 14.41
144.64 0.00 13.01 23.55 15.47
173.99 0.00 13.01 23.55 16.52
142.87 0.00 13.01 23.20 17.23
120.59 0.00 13.01 22.50 17.93
157.37 0.00 13.01 22.15 18.98
168.33 0.00 13.01 21.45 19.69
127.31 0.00 13.01 21.09 20.74
130.14 0.00 13.01 20.39 21.45
167.62 0.00 13.01 19.69 22.50
154.18 0.00 13.01 18.98 23.20
118.82 0.00 13.01 18.63 23.55
141.10 0.00 13.01 18.28 23.55
170.45 0.00 13.01 17.93 23.20
140.39 0.00 13.01 17.93 23.20
117.41 0.00 13.01 17.93 23.55
155.95 0.00 13.01 17.93 23.91
165.85 0.00 13.01 18.28 23.91
126.60 0.00 13.01 18.28 24.26
128.02 0.00 13.01 18.28 24.26
167.98 0.00 13.01 18.63 23.91
153.48 0.00 13.01 18.63 23.91
118.11 0.00 13.01 18.98 23.55
137.92 0.00 13.01 18.98 23.55
172.93 0.00 13.01 19.34 23.55
137.56 0.00 13.01 19.69 23.55
117.76 0.00 13.01 20.04 23.55
155.95 0.00 13.01 20.74 22.85
166.21 0.00 13.01 21.09 22.15
125.54 0.00 13.01 21.45 21.09
128.02 0.00 13.01 21.09 20.39
167.62 0.00 13.01 20.74 19.34
152.42 0.00 13.01 19.69 18.63
115.28 0.00 13.01 18.63 17.93
141.10 0.00 13.01 17.58 17.23
170.81 0.00 13.01 16.87 16.52
137.92 0.00 13.01 16.52 16.87
117.76 0.00 13.01 16.17 17.58
154.18 0.00 13.01 16.17 19.34
165.85 0.00 13.01 16.17 20.74
125.54 0.00 13.01 16.87 22.15
128.37 0.00 13.01 17.23 23.20
168.68 0.00 13.01 17.93 23.55
154.89 0.00 13.01 18.98 23.91
120.59 0.00 13.01 20.39 23.91
145.70 0.00 12.66 21.45 23.55
175.05 0.00 12.66 22.15 22.85
142.51 0.00 12.66 22.50 22.50
122.00 0.00 12.66 22.50 22.15
159.84 0.00 12.66 22.15 21.45
169.74 0.00 12.66 21.45 21.09
128.02 0.00 12.66 20.39 20.74
125.89 0.00 12.66 19.34 20.39
169.74 0.00 12.66 18.63 20.39
154.18 0.00 12.30 18.28 20.39
119.88 0.00 12.30 18.28 20.39
141.81 0.00 12.30 17.93 20.74
165.50 0.00 12.30 17.58 20.74
139.33 0.00 12.30 17.93 20.74
118.11 0.00 11.95 18.28 20.74
157.01 0.00 11.95 18.98 20.39
162.67 0.00 11.95 19.69 20.04
126.25 0.00 11.95 20.04 19.69
128.02 0.00 11.95 20.39 18.98
169.04 0.00 11.95 20.39 18.63
153.48 0.00 11.95 19.69 18.28
118.82 0.00 11.95 18.98 17.58
139.33 0.00 11.95 18.28 16.87
169.74 0.00 11.95 17.23 16.52
137.92 0.00 11.95 16.52 16.52
115.64 0.00 11.95 16.17 16.87
154.54 0.00 11.95 16.52 17.58
163.73 0.00 11.95 16.87 18.63
124.83 0.00 11.95 17.23 19.34
125.89 0.00 11.95 17.93 20.04
166.21 0.00 11.95 18.28 19.69
151.36 0.00 11.95 18.63 19.34
117.05 0.00 11.95 18.98 18.63
140.75 0.00 11.95 18.98 17.58
169.04 0.00 11.95 18.63 16.87
137.92 0.00 11.95 18.63 16.52
114.22 0.00 11.95 18.28 16.17
152.77 0.00 11.95 17.93 16.17
164.09 0.00 11.95 17.93 16.52
123.06 0.00 11.95 17.58 16.52
124.83 0.00 11.95 17.58 16.17
164.44 0.00 11.95 17.23 15.82
149.23 0.00 11.95 17.58 15.12
114.58 0.00 11.95 17.93 14.06
138.62 0.00 11.95 18.63 13.36
166.21 0.00 11.95 18.98 13.01
136.86 0.00 11.95 19.69 13.01
115.64 0.00 11.95 19.69 13.36
154.18 0.00 11.95 19.34 13.71
163.73 0.00 11.95 18.63 14.06
122.00 0.00 11.95 17.58 14.06
125.89 0.00 11.95 16.87 13.71
167.62 0.00 11.95 16.17 13.71
150.29 0.00 11.95 16.17 14.06
114.22 0.00 11.95 16.52 15.12
136.86 0.00 11.95 17.23 16.52
167.27 0.00 11.95 17.93 17.93
136.86 0.00 11.95 18.98 18.98
114.58 0.00 11.95 20.04 19.34
154.89 0.00 11.95 20.39 18.98
164.44 0.00 11.95 20.74 17.93
120.24 0.00 11.95 20.74 16.52
124.48 0.00 11.95 20.39 15.12
165.15 0.00 11.95 19.69 13.71
150.29 0.00 11.95 19.34 12.66
112.81 0.00 11.95 18.63 11.25
136.86 0.00 11.95 17.93 10.55
166.92 0.00 11.95 16.87 9.84
127.31 0.00 11.95 16.17 8.79
126.60 0.00 11.95 15.47 7.38
167.27 0.00 11.95 14.41 5.63
131.91 0.00 11.95 13.71 4.22
120.59 0.00 11.95 13.01 2.81
164.79 0.00 11.95 12.30 1.76
132.61 0.00 11.95 11.60 1.41
116.35 0.00 11.95 10.90 0.70
163.73 0.00 11.95 10.55 0.35
137.21 0.00 11.95 9.84 0.00
121.30 0.00 11.95 9.49 0.35
163.38 0.00 11.95 8.79 1.41
132.97 0.00 11.95 8.44 1.76
117.41 0.00 11.95 7.73 2.46
162.67 0.00 11.95 6.68 2.81
135.80 0.00 11.95 5.63 3.16
113.52 0.00 11.95 3.87 3.16
154.54 0.00 11.95 1.76 3.16
135.80 0.00 11.95 0.35 2.81
113.16 0.00 11.95 2.46 2.46
158.43 0.00 11.95 4.22 2.46
115.28 0.00 11.95 5.63 2.46
130.14 0.00 11.95 6.68 2.46
149.59 0.00 11.95 8.09 2.46
106.44 0.00 11.95 9.14 2.11
150.65 0.00 11.95 10.20 2.11
140.04 0.00 11.95 11.25 1.76
107.50 0.00 11.95 12.30 1.76
146.40 0.00 11.95 13.36 1.41
143.58 0.00 11.95 14.06 1.41
107.15 0.00 11.95 14.41 1.05
144.99 0.00 11.95 14.77 1.05
148.53 0.00 11.95 15.12 0.70
107.50 0.00 11.95 15.12 0.35
141.10 0.00 11.95 15.12 0.35
156.66 0.00 11.95 14.77 0.35
107.50 0.00 11.95 14.41 0.00
146.05 0.00 11.95 14.06 0.00
140.39 0.00 11.95 14.06 0.35
111.75 0.00 11.95 14.06 0.70
160.90 0.00 11.95 14.06 0.70
120.94 0.00 11.95 13.71 1.41
129.78 0.00 11.95 13.71 1.76
155.60 0.00 11.95 13.36 2.11
109.98 0.00 11.95 13.01 2.46
151.71 0.00 11.95 13.01 3.16
137.56 0.00 11.95 12.66 3.87
113.87 0.00 11.95 12.30 4.22
162.67 0.00 11.95 12.30 4.57
114.93 0.00 11.95 11.95 4.92
135.09 0.00 11.95 11.60 4.92
156.66 0.00 11.95 11.25 5.27
112.10 0.00 11.95 11.25 5.27
154.89 0.00 11.95 10.90 5.27
138.62 0.00 11.95 10.55 5.27
119.88 0.00 11.95 10.55 5.27
164.09 0.00 11.95 10.20 4.92
118.11 0.00 11.95 9.84 4.92
147.82 0.00 11.95 9.84 4.57
141.10 0.00 11.95 9.49 4.57
128.02 0.00 11.95 9.49 4.22
162.67 0.00 11.95 9.14 3.87
110.33 0.00 11.95 8.79 3.87
170.10 0.00 11.95 8.79 3.52
121.30 0.00 11.95 8.44 3.16
154.89 0.00 11.95 8.44 3.16
148.53 0.00 11.95 8.09 2.81
132.97 0.00 11.95 8.09 2.81
167.62 0.00 11.95 7.73 2.46
118.11 0.00 11.95 7.73 2.46
174.34 0.00 11.95 7.38 2.46
121.30 0.00 11.95 7.38 2.11
157.37 0.00 11.95 7.38 2.11
144.28 0.00 11.95 7.03 2.11
131.20 0.00 11.95 7.03 2.11
162.67 0.00 11.95 7.03 2.11
110.33 0.00 11.95 6.68 2.11
166.56 0.00 11.95 6.68 2.11
110.69 0.00 11.95 6.68 2.11
149.23 0.00 11.95 6.68 2.11
135.09 0.00 11.95 6.68 2.46
122.00 0.00 11.95 6.68 2.46
151.71 0.00 11.95 6.68 2.46
101.85 0.00 11.95 6.68 2.46
157.72 0.00 11.95 6.68 2.46
102.91 0.00 11.95 6.68 2.46
146.40 0.00 11.95 6.68 2.46
128.02 0.00 11.95 6.68 2.46
124.13 0.00 11.95 6.68 2.46
153.83 0.00 11.95 6.68 2.46
107.15 0.00 11.95 6.68 2.46
164.79 0.00 11.95 6.68 2.46
109.98 0.00 11.95 7.03 2.46
153.83 0.00 11.95 7.03 2.46
132.26 0.00 11.95 7.03 2.46
129.78 0.00 11.95 7.03 2.46
158.43 0.00 11.95 7.03 2.46
112.81 0.00 11.95 7.03 2.46
168.33 0.00 11.95 7.03 2.46
113.87 0.00 11.95 7.03 2.46
157.01 0.00 11.95 7.03 2.46
137.92 0.00 11.95 7.03 2.46
135.44 0.00 11.95 7.03 2.46
159.84 0.00 11.95 7.03 2.46
117.41 0.00 11.95 7.03 2.46
170.81 0.00 11.95 7.03 2.46

